Shot number R625
%Type of Solver: Non-equilibrium
%Chemical kinetic model: 12 species Martian air (With ionisation)
%Area ratio of the nozzle: 1.600000e+03
%Experimental data provided by the user
% 	 Incident shock velocity: 3192 ms^-1       
%	 Driven tube fill pressure:6.000000e-02 bar        
%	 Driven tube temperature:300 K          
%	 Reservoir pressure (p5):5.286000e+01 bar 
%	 Free stream pitot pressure (p02):6.560000e-02 bar 
%	 Free stream stagnationpoint heat flux (q):230 Wm^-2 
%Nozzle inlet conditions
% 	 Pressure(P5): 5.286000e+01 bar       
% 	 Temperature(T5): 3.111100e+03 K       
% 	 Enthalpy(h5): -3804 kJ/kgK       
% 	 Density(rho5): 8.106100e+00 kg/m^3       
% 	 Species Mass fraction [Ar C N O C2 N2 O2 CN CO NO CO2 NCO C+ O+ CO+ NO+ e-]: 0.019302  1.6457e-12  2.0825e-07   0.0025475  4.7946e-18    0.016852    0.063711  1.8331e-10      0.1181   0.0043896      0.7751    1.94e-08  1.5761e-27  9.3518e-21  1.0155e-18  1.5325e-11  2.8018e-16        
% 	 Gamma(gamma5): 1.117600e+00        
%Noneq simulation started 6.409455e-04% downstream of throat.
%Concentrations listed in mass fractions
       %A/A*   rho(kg/m3)         T(K)        P(pa)       u(m/s)           Ar            C            N            O           C2           N2           O2           CN           CO           NO          CO2          NCO           C+           O+          CO+          NO+           e-
1.000500e+00 5.805700e+00 2.612600e+03 2.993237e+06 7.772068e+02 1.930100e-02 2.441100e-15 7.989200e-09 2.950600e-04 5.749700e-22 1.832300e-02 2.262700e-02 1.786400e-12 3.939600e-02 1.393800e-03 8.986600e-01 7.919900e-10 3.975200e-26 9.536600e-20 9.173900e-18 4.737700e-11 7.792600e-16
1.000502e+00 5.803524e+00 2.612436e+03 2.991927e+06 7.774971e+02 1.930100e-02 3.727475e-10 7.987730e-09 2.950595e-04 4.445707e-21 1.832300e-02 2.262700e-02 1.922452e-12 3.939600e-02 1.393800e-03 8.986600e-01 7.965244e-10 2.109015e-25 9.536600e-20 9.198115e-18 4.737700e-11 7.792600e-16
1.000503e+00 5.801677e+00 2.612297e+03 2.990816e+06 7.777434e+02 1.930100e-02 7.440309e-10 7.986255e-09 2.950590e-04 1.614029e-20 1.832300e-02 2.262700e-02 2.331641e-12 3.939600e-02 1.393800e-03 8.986600e-01 8.010432e-10 7.230878e-25 9.536600e-20 9.270567e-18 4.737700e-11 7.792600e-16
1.000505e+00 5.800042e+00 2.612174e+03 2.989832e+06 7.779613e+02 1.930100e-02 1.113957e-09 7.984777e-09 2.950585e-04 3.580388e-20 1.832300e-02 2.262700e-02 3.011389e-12 3.939600e-02 1.393800e-03 8.986600e-01 8.055489e-10 1.574320e-24 9.536600e-20 9.390955e-18 4.737700e-11 7.792600e-16
1.000506e+00 5.798561e+00 2.612063e+03 2.988941e+06 7.781589e+02 1.930100e-02 1.482597e-09 7.983297e-09 2.950580e-04 6.358805e-20 1.832300e-02 2.262701e-02 3.959249e-12 3.939600e-02 1.393800e-03 8.986600e-01 8.100441e-10 2.762799e-24 9.536600e-20 9.559007e-18 4.737700e-11 7.792600e-16
1.000509e+00 5.796008e+00 2.611871e+03 2.987406e+06 7.784991e+02 1.930100e-02 2.189610e-09 7.980444e-09 2.950571e-04 1.406536e-19 1.832300e-02 2.262701e-02 6.533104e-12 3.939600e-02 1.393800e-03 8.986600e-01 8.186857e-10 5.998105e-24 9.536600e-20 1.001636e-17 4.737700e-11 7.792600e-16
1.000512e+00 5.793747e+00 2.611700e+03 2.986046e+06 7.788006e+02 1.930100e-02 2.892310e-09 7.977593e-09 2.950562e-04 2.496194e-19 1.832300e-02 2.262701e-02 1.007790e-11 3.939600e-02 1.393800e-03 8.986600e-01 8.273111e-10 1.046890e-23 9.536600e-20 1.064816e-17 4.737700e-11 7.792600e-16
1.000518e+00 5.790245e+00 2.611436e+03 2.983939e+06 7.792675e+02 1.930100e-02 4.117651e-09 7.972595e-09 2.950545e-04 5.223059e-19 1.832300e-02 2.262702e-02 1.861341e-11 3.939600e-02 1.393800e-03 8.986600e-01 8.424776e-10 2.129057e-23 9.536599e-20 1.217681e-17 4.737700e-11 7.792601e-16
1.000523e+00 5.787165e+00 2.611204e+03 2.982086e+06 7.796780e+02 1.930100e-02 5.331016e-09 7.967626e-09 2.950529e-04 9.039844e-19 1.832300e-02 2.262702e-02 3.002119e-11 3.939600e-02 1.393800e-03 8.986600e-01 8.577092e-10 3.584869e-23 9.536599e-20 1.423229e-17 4.737700e-11 7.792601e-16
1.000532e+00 5.782808e+00 2.610875e+03 2.979466e+06 7.802588e+02 1.930100e-02 7.255077e-09 7.959727e-09 2.950502e-04 1.762872e-18 1.832300e-02 2.262703e-02 5.414098e-11 3.939600e-02 1.393800e-03 8.986600e-01 8.824727e-10 6.691253e-23 9.536598e-20 1.861543e-17 4.737700e-11 7.792602e-16
1.000540e+00 5.778960e+00 2.610585e+03 2.977152e+06 7.807716e+02 1.930100e-02 9.151252e-09 7.951946e-09 2.950476e-04 2.950447e-18 1.832300e-02 2.262704e-02 8.516537e-11 3.939600e-02 1.393800e-03 8.986600e-01 9.078430e-10 1.073132e-22 9.536597e-20 2.431168e-17 4.737700e-11 7.792603e-16
1.000554e+00 5.773479e+00 2.610170e+03 2.973856e+06 7.815021e+02 1.930100e-02 1.215216e-08 7.939695e-09 2.950434e-04 5.638718e-18 1.832300e-02 2.262705e-02 1.489661e-10 3.939600e-02 1.393800e-03 8.986600e-01 9.506590e-10 1.916796e-22 9.536594e-20 3.619383e-17 4.737700e-11 7.792605e-16
1.000568e+00 5.768629e+00 2.609804e+03 2.970941e+06 7.821483e+02 1.930100e-02 1.508746e-08 7.927848e-09 2.950393e-04 9.395746e-18 1.832300e-02 2.262706e-02 2.288507e-10 3.939600e-02 1.393800e-03 8.986599e-01 9.966327e-10 2.992926e-22 9.536591e-20 5.132877e-17 4.737700e-11 7.792608e-16
1.000590e+00 5.761840e+00 2.609290e+03 2.966860e+06 7.830528e+02 1.930100e-02 1.959572e-08 7.910058e-09 2.950328e-04 1.785423e-17 1.832300e-02 2.262708e-02 3.851147e-10 3.939600e-02 1.393800e-03 8.986599e-01 1.077767e-09 5.151765e-22 9.536585e-20 8.162676e-17 4.737700e-11 7.792614e-16
1.000612e+00 5.755813e+00 2.608833e+03 2.963238e+06 7.838556e+02 1.930100e-02 2.395682e-08 7.893492e-09 2.950265e-04 2.988059e-17 1.832300e-02 2.262710e-02 5.750856e-10 3.939600e-02 1.393799e-03 8.986599e-01 1.171808e-09 7.857463e-22 9.536578e-20 1.194911e-16 4.737700e-11 7.792621e-16
1.000646e+00 5.747447e+00 2.608199e+03 2.958212e+06 7.849698e+02 1.930100e-02 3.048728e-08 7.870319e-09 2.950169e-04 5.717176e-17 1.832300e-02 2.262713e-02 9.305481e-10 3.939601e-02 1.393799e-03 8.986599e-01 1.350320e-09 1.313236e-21 9.536564e-20 1.929811e-16 4.737700e-11 7.792635e-16
1.000680e+00 5.739997e+00 2.607633e+03 2.953736e+06 7.859617e+02 1.930100e-02 3.670058e-08 7.850686e-09 2.950075e-04 9.666165e-17 1.832300e-02 2.262716e-02 1.348044e-09 3.939601e-02 1.393798e-03 8.986598e-01 1.573723e-09 1.964324e-21 9.536548e-20 2.831360e-16 4.737700e-11 7.792653e-16
1.000730e+00 5.730147e+00 2.606884e+03 2.947821e+06 7.872732e+02 1.930100e-02 4.534969e-08 7.828743e-09 2.949941e-04 1.819093e-16 1.832300e-02 2.262720e-02 2.056971e-09 3.939601e-02 1.393797e-03 8.986598e-01 1.998000e-09 3.143570e-21 9.536520e-20 4.449174e-16 4.737699e-11 7.792684e-16
1.000781e+00 5.721315e+00 2.606211e+03 2.942518e+06 7.884487e+02 1.930100e-02 5.340234e-08 7.815911e-09 2.949813e-04 3.044994e-16 1.832300e-02 2.262724e-02 2.851204e-09 3.939602e-02 1.393796e-03 8.986598e-01 2.543705e-09 4.570606e-21 9.536489e-20 6.382618e-16 4.737699e-11 7.792721e-16
1.000854e+00 5.709781e+00 2.605332e+03 2.935595e+06 7.899836e+02 1.930100e-02 6.412754e-08 7.814772e-09 2.949636e-04 5.601800e-16 1.832300e-02 2.262729e-02 4.108027e-09 3.939603e-02 1.393794e-03 8.986597e-01 3.562020e-09 7.062906e-21 9.536442e-20 9.698243e-16 4.737699e-11 7.792786e-16
1.000927e+00 5.699379e+00 2.604537e+03 2.929353e+06 7.913674e+02 1.930100e-02 7.381620e-08 7.835456e-09 2.949469e-04 9.193318e-16 1.832300e-02 2.262735e-02 5.440210e-09 3.939604e-02 1.393791e-03 8.986597e-01 4.846625e-09 1.003420e-20 9.536394e-20 1.355749e-15 4.737698e-11 7.792861e-16
1.001034e+00 5.685725e+00 2.603492e+03 2.921163e+06 7.931836e+02 1.930100e-02 8.626342e-08 7.905622e-09 2.949242e-04 1.644689e-15 1.832300e-02 2.262742e-02 7.423339e-09 3.939606e-02 1.393787e-03 8.986596e-01 7.155306e-09 1.517002e-20 9.536332e-20 2.000648e-15 4.737698e-11 7.792986e-16
1.001140e+00 5.673367e+00 2.602545e+03 2.913753e+06 7.948269e+02 1.930100e-02 9.701818e-08 8.022866e-09 2.949031e-04 2.623868e-15 1.832300e-02 2.262749e-02 9.387325e-09 3.939608e-02 1.393783e-03 8.986595e-01 9.922900e-09 2.124716e-20 9.536290e-20 2.731719e-15 4.737697e-11 7.793128e-16
1.001289e+00 5.657671e+00 2.601339e+03 2.904345e+06 7.969135e+02 1.930100e-02 1.096662e-07 8.260435e-09 2.948759e-04 4.421675e-15 1.832300e-02 2.262758e-02 1.199524e-08 3.939612e-02 1.393776e-03 8.986594e-01 1.438910e-08 3.128408e-20 9.536287e-20 3.873242e-15 4.737697e-11 7.793351e-16
1.001438e+00 5.643388e+00 2.600239e+03 2.895788e+06 7.988116e+02 1.930100e-02 1.199666e-07 8.572434e-09 2.948508e-04 6.692373e-15 1.832300e-02 2.262766e-02 1.436908e-08 3.939616e-02 1.393768e-03 8.986593e-01 1.932624e-08 4.307257e-20 9.536372e-20 5.126995e-15 4.737696e-11 7.793596e-16
1.001643e+00 5.625464e+00 2.598855e+03 2.885055e+06 8.011929e+02 1.930100e-02 1.310713e-07 9.092811e-09 2.948190e-04 1.048697e-14 1.832300e-02 2.262777e-02 1.719376e-08 3.939623e-02 1.393758e-03 8.986591e-01 2.646067e-08 6.207941e-20 9.536672e-20 6.989715e-15 4.737697e-11 7.793962e-16
1.001848e+00 5.609076e+00 2.597587e+03 2.875247e+06 8.033695e+02 1.930100e-02 1.393694e-07 9.679943e-09 2.947895e-04 1.490547e-14 1.832300e-02 2.262788e-02 1.951289e-08 3.939630e-02 1.393749e-03 8.986590e-01 3.358134e-08 8.423760e-20 9.537219e-20 8.970023e-15 4.737698e-11 7.794352e-16
1.002128e+00 5.588551e+00 2.595995e+03 2.862969e+06 8.060947e+02 1.930100e-02 1.473486e-07 1.051733e-08 2.947516e-04 2.162334e-14 1.832300e-02 2.262801e-02 2.195589e-08 3.939640e-02 1.393736e-03 8.986587e-01 4.270199e-08 1.194225e-19 9.538393e-20 1.180027e-14 4.737702e-11 7.794914e-16
1.002408e+00 5.569714e+00 2.594529e+03 2.851709e+06 8.085949e+02 1.930100e-02 1.524888e-07 1.132692e-08 2.947152e-04 2.876535e-14 1.832300e-02 2.262813e-02 2.370625e-08 3.939651e-02 1.393724e-03 8.986585e-01 5.071948e-08 1.599841e-19 9.540055e-20 1.471523e-14 4.737709e-11 7.795496e-16
1.002782e+00 5.546562e+00 2.592721e+03 2.837877e+06 8.116671e+02 1.930100e-02 1.563887e-07 1.228100e-08 2.946675e-04 3.840794e-14 1.832300e-02 2.262829e-02 2.524308e-08 3.939667e-02 1.393711e-03 8.986583e-01 5.943486e-08 2.219535e-19 9.542963e-20 1.866391e-14 4.737720e-11 7.796289e-16
1.003156e+00 5.525226e+00 2.591050e+03 2.825138e+06 8.144973e+02 1.930100e-02 1.580600e-07 1.304592e-08 2.946194e-04 4.770432e-14 1.832301e-02 2.262844e-02 2.613323e-08 3.939682e-02 1.393699e-03 8.986580e-01 6.595327e-08 2.920512e-19 9.546518e-20 2.261490e-14 4.737733e-11 7.797088e-16
1.003650e+00 5.499247e+00 2.589008e+03 2.809639e+06 8.179426e+02 1.930100e-02 1.582776e-07 1.376296e-08 2.945542e-04 5.891995e-14 1.832301e-02 2.262864e-02 2.668978e-08 3.939703e-02 1.393686e-03 8.986577e-01 7.175083e-08 3.954827e-19 9.551912e-20 2.776090e-14 4.737754e-11 7.798134e-16
1.004144e+00 5.475217e+00 2.587112e+03 2.795313e+06 8.211285e+02 1.930100e-02 1.572302e-07 1.419892e-08 2.944860e-04 6.868991e-14 1.832301e-02 2.262883e-02 2.682748e-08 3.939724e-02 1.393675e-03 8.986574e-01 7.515005e-08 5.099216e-19 9.557810e-20 3.279425e-14 4.737776e-11 7.799161e-16
1.004787e+00 5.446212e+00 2.584814e+03 2.778036e+06 8.249731e+02 1.930100e-02 1.549940e-07 1.446565e-08 2.943918e-04 7.917835e-14 1.832302e-02 2.262908e-02 2.668781e-08 3.939751e-02 1.393663e-03 8.986569e-01 7.723595e-08 6.730509e-19 9.565822e-20 3.914899e-14 4.737807e-11 7.800461e-16
1.005430e+00 5.419292e+00 2.582673e+03 2.762014e+06 8.285406e+02 1.930100e-02 1.523731e-07 1.451507e-08 2.942916e-04 8.733051e-14 1.832302e-02 2.262933e-02 2.637845e-08 3.939777e-02 1.393652e-03 8.986565e-01 7.773211e-08 8.497686e-19 9.573879e-20 4.526913e-14 4.737837e-11 7.801715e-16
1.006259e+00 5.387064e+00 2.580097e+03 2.742850e+06 8.328108e+02 1.930100e-02 1.489249e-07 1.441239e-08 2.941540e-04 9.492482e-14 1.832303e-02 2.262965e-02 2.589625e-08 3.939809e-02 1.393640e-03 8.986560e-01 7.721202e-08 1.093912e-18 9.583988e-20 5.281660e-14 4.737873e-11 7.803260e-16
1.007088e+00 5.357060e+00 2.577687e+03 2.725027e+06 8.367856e+02 1.930100e-02 1.456091e-07 1.422521e-08 2.940076e-04 9.989560e-14 1.832303e-02 2.262997e-02 2.539961e-08 3.939841e-02 1.393629e-03 8.986556e-01 7.611978e-08 1.353538e-18 9.593622e-20 6.001512e-14 4.737907e-11 7.804731e-16
1.008145e+00 5.321417e+00 2.574810e+03 2.703875e+06 8.415072e+02 1.930100e-02 1.416792e-07 1.395207e-08 2.938096e-04 1.034059e-13 1.832304e-02 2.263038e-02 2.479531e-08 3.939879e-02 1.393615e-03 8.986550e-01 7.449649e-08 1.702228e-18 9.605114e-20 6.873028e-14 4.737945e-11 7.806508e-16
1.009203e+00 5.288143e+00 2.572110e+03 2.684150e+06 8.459148e+02 1.930100e-02 1.380741e-07 1.367981e-08 2.936005e-04 1.046365e-13 1.832305e-02 2.263080e-02 2.423539e-08 3.939916e-02 1.393601e-03 8.986544e-01 7.287455e-08 2.066734e-18 9.615743e-20 7.698554e-14 4.737979e-11 7.808187e-16
1.010538e+00 5.248898e+00 2.568907e+03 2.660912e+06 8.511137e+02 1.930100e-02 1.339247e-07 1.335814e-08 2.933229e-04 1.040429e-13 1.832306e-02 2.263132e-02 2.358907e-08 3.939960e-02 1.393585e-03 8.986537e-01 7.096242e-08 2.543221e-18 9.628014e-20 8.681957e-14 4.738015e-11 7.810179e-16
1.011874e+00 5.212169e+00 2.565892e+03 2.639191e+06 8.559796e+02 1.930100e-02 1.301444e-07 1.306335e-08 2.930323e-04 1.019279e-13 1.832307e-02 2.263185e-02 2.299963e-08 3.940002e-02 1.393569e-03 8.986531e-01 6.921568e-08 3.032656e-18 9.639135e-20 9.607580e-14 4.738045e-11 7.812047e-16
1.013545e+00 5.169141e+00 2.562336e+03 2.613776e+06 8.616815e+02 1.930100e-02 1.258358e-07 1.272778e-08 2.926534e-04 9.810323e-14 1.832308e-02 2.263251e-02 2.232710e-08 3.940052e-02 1.393550e-03 8.986523e-01 6.723371e-08 3.655166e-18 9.651602e-20 1.069318e-13 4.738075e-11 7.814229e-16
1.015218e+00 5.128783e+00 2.558979e+03 2.589970e+06 8.670311e+02 1.930100e-02 1.219061e-07 1.242231e-08 2.922600e-04 9.364169e-14 1.832309e-02 2.263317e-02 2.171270e-08 3.940099e-02 1.393531e-03 8.986516e-01 6.543505e-08 4.282505e-18 9.662644e-20 1.170809e-13 4.738098e-11 7.816258e-16
1.017294e+00 5.081801e+00 2.555043e+03 2.562298e+06 8.732614e+02 1.930100e-02 1.174591e-07 1.207698e-08 2.917557e-04 8.787030e-14 1.832310e-02 2.263399e-02 2.101569e-08 3.940154e-02 1.393509e-03 8.986508e-01 6.340710e-08 5.057923e-18 9.674586e-20 1.288003e-13 4.738117e-11 7.818589e-16
1.019372e+00 5.037646e+00 2.551317e+03 2.536329e+06 8.791198e+02 1.930100e-02 1.133994e-07 1.176165e-08 2.912363e-04 8.221685e-14 1.832311e-02 2.263480e-02 2.037737e-08 3.940206e-02 1.393487e-03 8.986500e-01 6.155985e-08 5.822945e-18 9.684805e-20 1.396747e-13 4.738127e-11 7.820737e-16
1.021930e+00 4.986556e+00 2.546971e+03 2.506329e+06 8.859034e+02 1.930100e-02 1.088396e-07 1.140698e-08 2.905812e-04 7.571062e-14 1.832312e-02 2.263580e-02 1.965765e-08 3.940265e-02 1.393462e-03 8.986491e-01 5.948659e-08 6.740188e-18 9.695292e-20 1.520355e-13 4.738129e-11 7.823162e-16
1.024492e+00 4.938457e+00 2.542846e+03 2.478132e+06 8.922950e+02 1.930100e-02 1.046769e-07 1.108240e-08 2.899118e-04 6.980390e-14 1.832314e-02 2.263678e-02 1.899773e-08 3.940320e-02 1.393437e-03 8.986482e-01 5.759309e-08 7.623682e-18 9.703741e-20 1.634109e-13 4.738121e-11 7.825376e-16
1.027624e+00 4.883127e+00 2.538060e+03 2.445753e+06 8.996553e+02 1.930100e-02 1.000382e-07 1.071950e-08 2.890803e-04 6.340420e-14 1.832315e-02 2.263797e-02 1.825868e-08 3.940382e-02 1.393409e-03 8.986473e-01 5.547965e-08 8.648436e-18 9.711627e-20 1.761354e-13 4.738099e-11 7.827829e-16
1.030760e+00 4.830958e+00 2.533505e+03 2.415280e+06 9.066033e+02 1.930100e-02 9.580724e-08 1.038707e-08 2.882374e-04 5.781249e-14 1.832317e-02 2.263914e-02 1.758091e-08 3.940439e-02 1.393381e-03 8.986464e-01 5.354688e-08 9.608468e-18 9.717156e-20 1.877399e-13 4.738066e-11 7.830041e-16
1.034569e+00 4.771284e+00 2.528245e+03 2.380491e+06 9.145625e+02 1.930100e-02 9.113144e-08 1.001781e-08 2.872056e-04 5.195292e-14 1.832318e-02 2.264053e-02 1.682739e-08 3.940502e-02 1.393350e-03 8.986454e-01 5.140295e-08 1.068133e-17 9.721098e-20 2.005090e-13 4.738013e-11 7.832446e-16
1.038385e+00 4.714950e+00 2.523229e+03 2.347716e+06 9.220884e+02 1.930100e-02 8.687355e-08 9.679557e-09 2.861678e-04 4.692789e-14 1.832320e-02 2.264190e-02 1.613679e-08 3.940559e-02 1.393320e-03 8.986445e-01 4.944151e-08 1.165349e-17 9.722384e-20 2.120397e-13 4.737947e-11 7.834585e-16
1.042990e+00 4.650869e+00 2.517463e+03 2.310512e+06 9.306661e+02 1.930100e-02 8.220850e-08 9.306455e-09 2.849157e-04 4.176324e-14 1.832321e-02 2.264350e-02 1.537490e-08 3.940621e-02 1.393286e-03 8.986436e-01 4.728014e-08 1.269331e-17 9.720879e-20 2.245146e-13 4.737855e-11 7.836860e-16
1.047605e+00 4.590314e+00 2.511952e+03 2.275435e+06 9.387893e+02 1.930100e-02 7.797032e-08 8.964928e-09 2.836659e-04 3.737577e-14 1.832323e-02 2.264507e-02 1.467763e-08 3.940675e-02 1.393254e-03 8.986427e-01 4.530340e-08 1.359633e-17 9.716470e-20 2.356588e-13 4.737750e-11 7.838851e-16
1.052231e+00 4.532802e+00 2.506662e+03 2.242192e+06 9.465216e+02 1.930100e-02 7.409366e-08 8.650148e-09 2.824225e-04 3.360842e-14 1.832325e-02 2.264660e-02 1.403527e-08 3.940724e-02 1.393223e-03 8.986420e-01 4.348250e-08 1.437125e-17 9.709543e-20 2.456580e-13 4.737634e-11 7.840598e-16
1.058118e+00 4.463564e+00 2.500219e+03 2.202263e+06 9.558557e+02 1.930100e-02 6.961329e-08 8.283179e-09 2.808577e-04 2.953523e-14 1.832327e-02 2.264848e-02 1.328701e-08 3.940778e-02 1.393186e-03 8.986412e-01 4.136040e-08 1.518629e-17 9.697627e-20 2.569431e-13 4.737474e-11 7.842516e-16
1.064022e+00 4.398013e+00 2.494042e+03 2.164556e+06 9.647196e+02 1.930100e-02 6.555484e-08 7.947515e-09 2.793124e-04 2.609916e-14 1.832328e-02 2.265029e-02 1.260345e-08 3.940825e-02 1.393152e-03 8.986405e-01 3.941978e-08 1.583110e-17 9.682704e-20 2.668751e-13 4.737302e-11 7.844147e-16
1.071154e+00 4.323292e+00 2.486906e+03 2.121689e+06 9.748589e+02 1.930100e-02 6.113913e-08 7.578382e-09 2.774818e-04 2.262387e-14 1.832330e-02 2.265240e-02 1.185297e-08 3.940872e-02 1.393112e-03 8.986397e-01 3.728547e-08 1.641039e-17 9.661372e-20 2.773272e-13 4.737083e-11 7.845793e-16
1.078310e+00 4.252589e+00 2.480058e+03 2.081240e+06 9.844901e+02 1.930100e-02 5.716165e-08 7.241976e-09 2.756880e-04 1.972315e-14 1.832332e-02 2.265442e-02 1.117052e-08 3.940911e-02 1.393076e-03 8.986391e-01 3.534002e-08 1.680422e-17 9.636949e-20 2.863887e-13 4.736852e-11 7.847146e-16
1.085489e+00 4.185397e+00 2.473460e+03 2.042902e+06 9.936790e+02 1.930100e-02 5.355695e-08 6.933535e-09 2.739332e-04 1.727735e-14 1.832334e-02 2.265637e-02 1.054632e-08 3.940942e-02 1.393041e-03 8.986387e-01 3.355561e-08 1.704180e-17 9.609945e-20 2.942831e-13 4.736612e-11 7.848254e-16
1.092692e+00 4.121310e+00 2.467085e+03 2.006432e+06 1.002478e+03 1.930100e-02 5.027352e-08 6.649309e-09 2.722186e-04 1.519785e-14 1.832336e-02 2.265823e-02 9.972689e-09 3.940967e-02 1.393009e-03 8.986383e-01 3.191052e-08 1.714877e-17 9.580783e-20 3.011904e-13 4.736366e-11 7.849157e-16
1.102592e+00 4.038006e+00 2.458672e+03 1.959166e+06 1.013973e+03 1.930100e-02 4.622425e-08 6.293986e-09 2.699378e-04 1.282339e-14 1.832338e-02 2.266067e-02 9.258080e-09 3.940993e-02 1.392967e-03 8.986379e-01 2.985257e-08 1.712430e-17 9.538001e-20 3.093134e-13 4.736020e-11 7.850116e-16
1.112537e+00 3.959227e+00 2.450580e+03 1.914617e+06 1.024905e+03 1.930100e-02 4.261552e-08 5.972289e-09 2.677335e-04 1.088370e-14 1.832340e-02 2.266298e-02 8.614040e-09 3.941010e-02 1.392928e-03 8.986377e-01 2.798831e-08 1.694391e-17 9.492552e-20 3.161555e-13 4.735668e-11 7.850812e-16
1.122526e+00 3.884432e+00 2.442771e+03 1.872456e+06 1.035343e+03 1.930100e-02 3.938050e-08 5.679329e-09 2.656048e-04 9.283751e-15 1.832341e-02 2.266517e-02 8.030403e-09 3.941019e-02 1.392892e-03 8.986375e-01 2.628961e-08 1.664612e-17 9.445021e-20 3.219501e-13 4.735312e-11 7.851296e-16
1.132560e+00 3.813183e+00 2.435214e+03 1.832420e+06 1.045344e+03 1.930100e-02 3.646633e-08 5.411235e-09 2.635499e-04 7.953556e-15 1.832343e-02 2.266725e-02 7.499154e-09 3.941022e-02 1.392858e-03 8.986375e-01 2.473449e-08 1.626168e-17 9.395879e-20 3.268811e-13 4.734953e-11 7.851605e-16
1.145838e+00 3.724182e+00 2.425604e+03 1.782582e+06 1.057923e+03 1.930100e-02 3.304741e-08 5.090925e-09 2.609532e-04 6.525175e-15 1.832345e-02 2.266984e-02 6.868628e-09 3.941019e-02 1.392817e-03 8.986375e-01 2.287603e-08 1.566450e-17 9.329379e-20 3.323033e-13 4.734480e-11 7.851802e-16
1.159193e+00 3.640037e+00 2.416338e+03 1.735645e+06 1.069909e+03 1.930100e-02 3.003295e-08 4.802548e-09 2.584748e-04 5.384774e-15 1.832347e-02 2.267227e-02 6.305644e-09 3.941009e-02 1.392778e-03 8.986377e-01 2.120339e-08 1.500098e-17 9.261442e-20 3.367402e-13 4.734007e-11 7.851807e-16
1.172626e+00 3.560207e+00 2.407379e+03 1.691280e+06 1.081368e+03 1.930100e-02 2.736066e-08 4.541472e-09 2.561087e-04 4.466096e-15 1.832349e-02 2.267455e-02 5.800463e-09 3.940992e-02 1.392743e-03 8.986380e-01 1.969020e-08 1.430203e-17 9.192614e-20 3.403915e-13 4.733538e-11 7.851663e-16
1.186135e+00 3.484245e+00 2.398693e+03 1.649217e+06 1.092359e+03 1.930100e-02 2.498088e-08 4.303990e-09 2.538488e-04 3.720590e-15 1.832350e-02 2.267671e-02 5.345313e-09 3.940971e-02 1.392710e-03 8.986383e-01 1.831558e-08 1.358983e-17 9.123322e-20 3.434114e-13 4.733073e-11 7.851403e-16
1.203879e+00 3.390328e+00 2.387731e+03 1.597423e+06 1.106073e+03 1.930100e-02 2.224917e-08 4.024602e-09 2.510500e-04 2.948397e-15 1.832352e-02 2.267933e-02 4.816101e-09 3.940939e-02 1.392670e-03 8.986389e-01 1.670194e-08 1.266642e-17 9.032770e-20 3.466014e-13 4.732473e-11 7.850932e-16
1.221754e+00 3.301687e+00 2.377146e+03 1.548756e+06 1.119151e+03 1.930100e-02 1.987525e-08 3.774817e-09 2.484097e-04 2.350638e-15 1.832354e-02 2.268177e-02 4.349769e-09 3.940901e-02 1.392634e-03 8.986395e-01 1.526462e-08 1.176977e-17 8.942564e-20 3.491221e-13 4.731885e-11 7.850350e-16
1.239761e+00 3.217761e+00 2.366899e+03 1.502876e+06 1.131662e+03 1.930100e-02 1.780152e-08 3.550236e-09 2.459160e-04 1.883872e-15 1.832356e-02 2.268404e-02 3.936937e-09 3.940861e-02 1.392600e-03 8.986401e-01 1.397837e-08 1.091381e-17 8.853126e-20 3.511253e-13 4.731308e-11 7.849686e-16
1.257899e+00 3.138082e+00 2.356959e+03 1.459501e+06 1.143663e+03 1.930100e-02 1.598203e-08 3.347324e-09 2.435582e-04 1.516812e-15 1.832357e-02 2.268617e-02 3.570075e-09 3.940818e-02 1.392569e-03 8.986408e-01 1.282302e-08 1.010617e-17 8.764767e-20 3.527251e-13 4.730743e-11 7.848966e-16
1.281367e+00 3.041427e+00 2.344609e+03 1.407129e+06 1.158397e+03 1.930100e-02 1.396033e-08 3.114074e-09 2.407156e-04 1.155245e-15 1.832359e-02 2.268870e-02 3.156752e-09 3.940762e-02 1.392532e-03 8.986417e-01 1.150547e-08 9.145868e-18 8.653330e-20 3.543258e-13 4.730035e-11 7.847986e-16
1.305052e+00 2.950426e+00 2.332672e+03 1.358073e+06 1.172454e+03 1.930100e-02 1.223312e-08 2.906829e-09 2.380614e-04 8.854667e-16 1.832361e-02 2.269104e-02 2.798364e-09 3.940704e-02 1.392498e-03 8.986426e-01 1.034760e-08 8.271718e-18 8.544369e-20 3.555387e-13 4.729349e-11 7.846968e-16
1.328954e+00 2.864503e+00 2.321111e+03 1.311983e+06 1.185903e+03 1.930100e-02 1.075008e-08 2.721597e-09 2.355787e-04 6.824283e-16 1.832362e-02 2.269320e-02 2.486246e-09 3.940647e-02 1.392467e-03 8.986435e-01 9.325720e-09 7.480734e-18 8.438093e-20 3.564620e-13 4.728682e-11 7.845931e-16
1.353073e+00 2.783166e+00 2.309892e+03 1.268563e+06 1.198804e+03 1.930100e-02 9.471187e-09 2.555169e-09 2.332523e-04 5.285545e-16 1.832364e-02 2.269522e-02 2.213444e-09 3.940590e-02 1.392439e-03 8.986444e-01 8.420806e-09 6.767725e-18 8.334623e-20 3.571672e-13 4.728036e-11 7.844887e-16
1.383320e+00 2.687934e+00 2.296396e+03 1.217994e+06 1.214136e+03 1.930100e-02 8.119171e-09 2.370780e-09 2.305608e-04 3.871378e-16 1.832365e-02 2.269753e-02 1.920882e-09 3.940520e-02 1.392406e-03 8.986455e-01 7.436266e-09 5.981468e-18 8.210146e-20 3.578181e-13 4.727260e-11 7.843596e-16
1.413901e+00 2.598463e+00 2.283341e+03 1.170753e+06 1.228776e+03 1.930100e-02 6.983102e-09 2.207316e-09 2.280668e-04 2.854280e-16 1.832367e-02 2.269965e-02 1.671330e-09 3.940454e-02 1.392377e-03 8.986466e-01 6.583244e-09 5.293543e-18 8.090098e-20 3.582855e-13 4.726513e-11 7.842321e-16
1.444816e+00 2.514185e+00 2.270689e+03 1.126501e+06 1.242792e+03 1.930100e-02 6.023890e-09 2.061514e-09 2.257503e-04 2.116499e-16 1.832368e-02 2.270161e-02 1.457593e-09 3.940390e-02 1.392350e-03 8.986476e-01 5.841296e-09 4.692014e-18 7.974426e-20 3.586203e-13 4.725794e-11 7.841071e-16
1.476066e+00 2.434614e+00 2.258408e+03 1.084944e+06 1.256239e+03 1.930100e-02 5.210617e-09 1.930749e-09 2.235939e-04 1.577652e-16 1.832369e-02 2.270343e-02 1.273911e-09 3.940329e-02 1.392325e-03 8.986485e-01 5.193962e-09 4.165893e-18 7.863029e-20 3.588587e-13 4.725100e-11 7.839849e-16
1.515235e+00 2.341952e+00 2.243669e+03 1.036837e+06 1.272185e+03 1.930100e-02 4.368849e-09 1.786449e-09 2.211220e-04 1.103124e-16 1.832371e-02 2.270551e-02 1.081059e-09 3.940257e-02 1.392298e-03 8.986497e-01 4.502919e-09 3.603975e-18 7.730783e-20 3.590587e-13 4.724275e-11 7.838380e-16
1.554916e+00 2.255196e+00 2.229412e+03 9.920794e+05 1.287410e+03 1.930100e-02 3.676053e-09 1.658690e-09 2.188474e-04 7.769219e-17 1.832372e-02 2.270741e-02 9.199659e-10 3.940191e-02 1.392272e-03 8.986507e-01 3.915180e-09 3.126608e-18 7.604614e-20 3.591840e-13 4.723486e-11 7.836962e-16
1.595111e+00 2.173763e+00 2.215599e+03 9.503288e+05 1.301983e+03 1.930100e-02 3.103095e-09 1.544848e-09 2.167484e-04 5.506384e-17 1.832373e-02 2.270917e-02 7.848532e-10 3.940129e-02 1.392249e-03 8.986517e-01 3.413357e-09 2.720120e-18 7.484217e-20 3.592578e-13 4.722731e-11 7.835595e-16
1.635818e+00 2.097160e+00 2.202196e+03 9.112901e+05 1.315957e+03 1.930100e-02 2.627252e-09 1.442825e-09 2.148064e-04 3.925369e-17 1.832374e-02 2.271079e-02 6.711545e-10 3.940072e-02 1.392229e-03 8.986526e-01 2.983575e-09 2.373089e-18 7.369286e-20 3.592960e-13 4.722007e-11 7.834278e-16
1.686367e+00 2.009288e+00 2.186300e+03 8.668015e+05 1.332337e+03 1.930100e-02 2.150715e-09 1.331504e-09 2.126183e-04 2.610638e-17 1.832375e-02 2.271263e-02 5.557133e-10 3.940007e-02 1.392205e-03 8.986536e-01 2.538693e-09 2.015151e-18 7.235537e-20 3.593101e-13 4.721159e-11 7.832732e-16
1.737686e+00 1.927334e+00 2.170931e+03 8.255993e+05 1.347970e+03 1.930100e-02 1.767404e-09 1.232863e-09 2.106162e-04 1.750506e-17 1.832376e-02 2.271430e-02 4.615416e-10 3.939949e-02 1.392185e-03 8.986545e-01 2.168064e-09 1.718079e-18 7.108995e-20 3.593003e-13 4.720353e-11 7.831256e-16
1.789773e+00 1.850711e+00 2.156050e+03 7.873405e+05 1.362925e+03 1.930100e-02 1.457531e-09 1.144898e-09 2.087786e-04 1.182146e-17 1.832377e-02 2.271585e-02 3.843969e-10 3.939896e-02 1.392166e-03 8.986553e-01 1.857995e-09 1.470496e-18 6.989155e-20 3.592753e-13 4.719585e-11 7.829846e-16
1.842630e+00 1.778914e+00 2.141623e+03 7.517303e+05 1.377258e+03 1.930100e-02 1.205936e-09 1.066008e-09 2.070869e-04 8.036188e-18 1.832378e-02 2.271727e-02 3.209856e-10 3.939848e-02 1.392149e-03 8.986561e-01 1.597712e-09 1.263315e-18 6.875543e-20 3.592408e-13 4.718851e-11 7.828499e-16
1.907945e+00 1.697467e+00 2.124644e+03 7.116238e+05 1.393930e+03 1.930100e-02 9.616440e-10 9.804380e-10 2.052033e-04 5.062556e-18 1.832379e-02 2.271887e-02 2.586272e-10 3.939795e-02 1.392130e-03 8.986569e-01 1.335709e-09 1.055280e-18 6.745130e-20 3.591913e-13 4.718003e-11 7.826939e-16
1.974398e+00 1.621833e+00 2.108245e+03 6.746660e+05 1.409832e+03 1.930100e-02 7.701068e-10 9.045202e-10 2.034882e-04 3.219788e-18 1.832379e-02 2.272032e-02 2.091067e-10 3.939749e-02 1.392114e-03 8.986577e-01 1.122213e-09 8.860469e-19 6.622559e-20 3.591376e-13 4.717200e-11 7.825459e-16
2.041988e+00 1.551424e+00 2.092382e+03 6.405190e+05 1.425032e+03 1.930100e-02 6.191296e-10 8.367603e-10 2.019211e-04 2.064802e-18 1.832380e-02 2.272166e-02 1.696024e-10 3.939708e-02 1.392099e-03 8.986583e-01 9.473681e-10 7.476260e-19 6.507175e-20 3.590820e-13 4.716437e-11 7.824053e-16
2.110716e+00 1.485732e+00 2.077019e+03 6.088925e+05 1.439587e+03 1.930100e-02 4.995757e-10 7.759643e-10 2.004847e-04 1.334395e-18 1.832381e-02 2.272290e-02 1.379743e-10 3.939671e-02 1.392086e-03 8.986589e-01 8.035799e-10 6.338166e-19 6.398387e-20 3.590262e-13 4.715712e-11 7.822716e-16
2.195559e+00 1.411781e+00 2.059018e+03 5.735696e+05 1.456451e+03 1.930100e-02 3.869074e-10 7.102147e-10 1.988975e-04 7.925148e-19 1.832381e-02 2.272427e-02 1.078300e-10 3.939632e-02 1.392071e-03 8.986595e-01 6.623149e-10 5.219027e-19 6.274582e-20 3.589596e-13 4.714879e-11 7.821181e-16
2.282073e+00 1.343438e+00 2.041653e+03 5.411996e+05 1.472519e+03 1.930100e-02 3.010829e-10 6.518930e-10 1.974586e-04 4.760833e-19 1.832382e-02 2.272552e-02 8.461162e-11 3.939598e-02 1.392059e-03 8.986600e-01 5.497035e-10 4.325063e-19 6.158848e-20 3.588949e-13 4.714093e-11 7.819731e-16
2.370260e+00 1.280119e+00 2.024880e+03 5.114541e+05 1.487859e+03 1.930100e-02 2.353272e-10 5.998822e-10 1.961496e-04 2.888450e-19 1.832383e-02 2.272667e-02 6.663695e-11 3.939569e-02 1.392048e-03 8.986605e-01 4.593420e-10 3.606211e-19 6.050437e-20 3.588326e-13 4.713350e-11 7.818360e-16
2.460118e+00 1.221318e+00 2.008658e+03 4.840507e+05 1.502532e+03 1.930100e-02 1.846959e-10 5.532818e-10 1.949548e-04 1.768741e-19 1.832383e-02 2.272772e-02 5.266583e-11 3.939543e-02 1.392038e-03 8.986609e-01 3.864195e-10 3.024508e-19 5.948686e-20 3.587729e-13 4.712646e-11 7.817061e-16
2.551648e+00 1.166593e+00 1.992953e+03 4.587456e+05 1.516590e+03 1.930100e-02 1.455237e-10 5.113553e-10 1.938607e-04 1.092678e-19 1.832383e-02 2.272869e-02 4.176298e-11 3.939521e-02 1.392029e-03 8.986612e-01 3.272297e-10 2.550949e-19 5.853007e-20 3.587157e-13 4.711978e-11 7.815828e-16
2.670245e+00 1.102388e+00 1.973707e+03 4.293108e+05 1.533637e+03 1.930100e-02 1.080851e-10 4.639160e-10 1.925992e-04 5.982636e-20 1.832384e-02 2.272982e-02 3.124797e-11 3.939496e-02 1.392019e-03 8.986616e-01 2.674078e-10 2.070609e-19 5.739471e-20 3.586467e-13 4.711177e-11 7.814351e-16
2.791537e+00 1.043459e+00 1.955184e+03 4.025474e+05 1.549849e+03 1.930100e-02 8.073643e-11 4.220226e-10 1.914626e-04 3.325502e-20 1.832384e-02 2.273084e-02 2.349959e-11 3.939476e-02 1.392011e-03 8.986620e-01 2.207887e-10 1.694813e-19 5.633948e-20 3.585815e-13 4.710425e-11 7.812964e-16
2.915523e+00 9.892259e-01 1.937332e+03 3.781401e+05 1.565296e+03 1.930100e-02 6.062193e-11 3.848528e-10 1.904344e-04 1.872629e-20 1.832385e-02 2.273177e-02 1.775335e-11 3.939458e-02 1.392003e-03 8.986622e-01 1.840856e-10 1.398323e-19 5.535623e-20 3.585199e-13 4.709717e-11 7.811658e-16
3.042203e+00 9.391862e-01 1.920104e+03 3.558191e+05 1.580041e+03 1.930100e-02 4.574372e-11 3.517378e-10 1.895011e-04 1.067239e-20 1.832385e-02 2.273263e-02 1.347170e-11 3.939443e-02 1.391997e-03 8.986625e-01 1.549266e-10 1.162523e-19 5.443784e-20 3.584617e-13 4.709050e-11 7.810426e-16
3.171576e+00 8.929066e-01 1.903461e+03 3.353529e+05 1.594143e+03 1.930100e-02 3.467751e-11 3.221261e-10 1.886512e-04 6.152435e-21 1.832385e-02 2.273341e-02 1.026572e-11 3.939431e-02 1.391992e-03 8.986627e-01 1.315500e-10 9.735551e-20 5.357812e-20 3.584064e-13 4.708419e-11 7.809262e-16
3.340589e+00 8.387032e-01 1.883009e+03 3.116106e+05 1.611302e+03 1.930100e-02 2.450372e-11 2.887027e-10 1.876720e-04 3.079502e-21 1.832385e-02 2.273431e-02 7.297267e-12 3.939417e-02 1.391985e-03 8.986629e-01 1.080459e-10 7.839756e-20 5.255745e-20 3.583401e-13 4.707663e-11 7.807866e-16
3.513990e+00 7.893436e-01 1.863380e+03 2.902142e+05 1.627578e+03 1.930100e-02 1.743557e-11 2.594648e-10 1.867958e-04 1.572959e-21 1.832386e-02 2.273513e-02 5.221720e-12 3.939406e-02 1.391980e-03 8.986630e-01 8.987679e-11 6.381662e-20 5.161370e-20 3.582779e-13 4.706956e-11 7.806562e-16
3.691778e+00 7.442562e-01 1.844514e+03 2.708663e+05 1.643048e+03 1.930100e-02 1.248414e-11 2.337762e-10 1.860085e-04 8.176482e-22 1.832386e-02 2.273586e-02 3.758374e-12 3.939397e-02 1.391976e-03 8.986632e-01 7.561802e-11 5.248073e-20 5.073846e-20 3.582195e-13 4.706294e-11 7.805341e-16
3.873953e+00 7.029536e-01 1.826356e+03 2.533158e+05 1.657782e+03 1.930100e-02 8.992537e-12 2.111190e-10 1.852984e-04 4.319850e-22 1.832386e-02 2.273653e-02 2.720703e-12 3.939389e-02 1.391972e-03 8.986633e-01 6.427776e-11 4.357723e-20 4.992446e-20 3.581645e-13 4.705673e-11 7.804194e-16
4.060515e+00 6.650173e-01 1.808859e+03 2.373489e+05 1.671838e+03 1.930100e-02 6.514097e-12 1.910656e-10 1.846557e-04 2.317932e-22 1.832386e-02 2.273714e-02 1.980316e-12 3.939383e-02 1.391969e-03 8.986634e-01 5.514327e-11 3.651605e-20 4.916546e-20 3.581127e-13 4.705089e-11 7.803116e-16
4.251464e+00 6.300868e-01 1.791978e+03 2.227832e+05 1.685269e+03 1.930100e-02 4.744135e-12 1.732605e-10 1.840721e-04 1.262465e-22 1.832386e-02 2.273770e-02 1.449049e-12 3.939378e-02 1.391966e-03 8.986635e-01 4.769663e-11 3.086412e-20 4.845601e-20 3.580638e-13 4.704538e-11 7.802100e-16
4.446801e+00 5.978491e-01 1.775676e+03 2.094615e+05 1.698123e+03 1.930100e-02 3.472700e-12 1.574053e-10 1.835405e-04 6.976344e-23 1.832387e-02 2.273820e-02 1.065725e-12 3.939373e-02 1.391963e-03 8.986636e-01 4.155773e-11 2.630033e-20 4.779136e-20 3.580175e-13 4.704018e-11 7.801140e-16
4.646525e+00 5.680306e-01 1.759915e+03 1.972478e+05 1.710442e+03 1.930100e-02 2.554334e-12 1.432483e-10 1.830550e-04 3.909760e-23 1.832387e-02 2.273867e-02 7.876744e-13 3.939370e-02 1.391961e-03 8.986636e-01 3.644409e-11 2.258432e-20 4.716735e-20 3.579736e-13 4.703526e-11 7.800232e-16
4.850636e+00 5.403931e-01 1.744665e+03 1.860246e+05 1.722264e+03 1.930100e-02 1.887529e-12 1.305761e-10 1.826103e-04 2.221438e-23 1.832387e-02 2.273910e-02 5.849678e-13 3.939367e-02 1.391959e-03 8.986637e-01 3.214383e-11 1.953450e-20 4.658031e-20 3.579320e-13 4.703061e-11 7.799373e-16
5.059135e+00 5.147272e-01 1.729895e+03 1.756892e+05 1.733624e+03 1.930100e-02 1.400959e-12 1.192068e-10 1.822021e-04 1.279222e-23 1.832387e-02 2.273949e-02 4.364645e-13 3.939364e-02 1.391958e-03 8.986637e-01 2.849612e-11 1.701244e-20 4.602701e-20 3.578924e-13 4.702619e-11 7.798557e-16
5.272020e+00 4.908487e-01 1.715578e+03 1.661522e+05 1.744551e+03 1.930100e-02 1.044225e-12 1.089846e-10 1.818265e-04 7.463917e-24 1.832387e-02 2.273985e-02 3.271581e-13 3.939362e-02 1.391957e-03 8.986637e-01 2.537753e-11 1.491176e-20 4.550458e-20 3.578547e-13 4.702199e-11 7.797783e-16
5.489293e+00 4.685939e-01 1.701690e+03 1.573348e+05 1.755073e+03 1.930100e-02 7.814819e-13 9.977502e-11 1.814801e-04 4.411516e-24 1.832387e-02 2.274019e-02 2.463314e-13 3.939360e-02 1.391955e-03 8.986638e-01 2.269227e-11 1.315005e-20 4.501046e-20 3.578188e-13 4.701800e-11 7.797046e-16
5.710953e+00 4.478180e-01 1.688208e+03 1.491678e+05 1.765217e+03 1.930100e-02 5.871245e-13 9.146200e-11 1.811600e-04 2.640656e-24 1.832387e-02 2.274050e-02 1.862981e-13 3.939358e-02 1.391954e-03 8.986638e-01 2.036522e-11 1.166295e-20 4.454238e-20 3.577846e-13 4.701420e-11 7.796345e-16
5.937000e+00 4.283922e-01 1.675110e+03 1.415899e+05 1.775006e+03 1.930100e-02 4.427532e-13 8.394486e-11 1.808635e-04 1.600482e-24 1.832387e-02 2.274079e-02 1.415156e-13 3.939357e-02 1.391953e-03 8.986638e-01 1.833692e-11 1.039988e-20 4.409830e-20 3.577518e-13 4.701058e-11 7.795676e-16
6.167435e+00 4.102014e-01 1.662378e+03 1.345470e+05 1.784459e+03 1.930100e-02 3.350828e-13 7.713596e-11 1.805885e-04 9.820314e-25 1.832387e-02 2.274106e-02 1.079683e-13 3.939356e-02 1.391952e-03 8.986638e-01 1.655979e-11 9.320735e-21 4.367639e-20 3.577205e-13 4.700712e-11 7.795037e-16
6.402256e+00 3.931428e-01 1.649992e+03 1.279910e+05 1.793597e+03 1.930100e-02 2.544743e-13 7.095873e-11 1.803329e-04 6.099042e-25 1.832387e-02 2.274131e-02 8.273326e-14 3.939355e-02 1.391952e-03 8.986639e-01 1.499538e-11 8.393560e-21 4.327499e-20 3.576906e-13 4.700381e-11 7.794427e-16
6.641465e+00 3.771240e-01 1.637937e+03 1.218789e+05 1.802438e+03 1.930100e-02 1.939024e-13 6.534609e-11 1.800950e-04 3.833461e-25 1.832387e-02 2.274154e-02 6.367366e-14 3.939354e-02 1.391951e-03 8.986639e-01 1.361239e-11 7.592700e-21 4.289261e-20 3.576619e-13 4.700065e-11 7.793843e-16
6.885061e+00 3.620619e-01 1.626198e+03 1.161724e+05 1.810997e+03 1.930100e-02 1.482242e-13 6.023911e-11 1.798732e-04 2.438085e-25 1.832387e-02 2.274176e-02 4.922059e-14 3.939353e-02 1.391951e-03 8.986639e-01 1.238508e-11 6.897434e-21 4.252792e-20 3.576343e-13 4.699762e-11 7.793284e-16
7.133045e+00 3.478816e-01 1.614758e+03 1.108372e+05 1.819290e+03 1.930100e-02 1.136592e-13 5.558588e-11 1.796660e-04 1.568818e-25 1.832387e-02 2.274197e-02 3.821730e-14 3.939352e-02 1.391950e-03 8.986639e-01 1.129212e-11 6.290924e-21 4.217968e-20 3.576079e-13 4.699472e-11 7.792748e-16
7.385415e+00 3.345156e-01 1.603605e+03 1.058426e+05 1.827330e+03 1.930100e-02 8.741672e-14 5.134053e-11 1.794722e-04 1.021175e-25 1.832387e-02 2.274216e-02 2.980750e-14 3.939352e-02 1.391950e-03 8.986639e-01 1.031571e-11 5.759412e-21 4.184678e-20 3.575824e-13 4.699194e-11 7.792234e-16
7.642173e+00 3.219024e-01 1.592726e+03 1.011607e+05 1.835131e+03 1.930100e-02 6.742900e-14 4.746249e-11 1.792908e-04 6.723116e-26 1.832387e-02 2.274233e-02 2.335481e-14 3.939351e-02 1.391949e-03 8.986639e-01 9.440877e-12 5.291590e-21 4.152821e-20 3.575580e-13 4.698926e-11 7.791741e-16
7.903318e+00 3.099867e-01 1.582110e+03 9.676673e+04 1.842705e+03 1.930100e-02 5.215806e-14 4.391576e-11 1.791206e-04 4.476311e-26 1.832387e-02 2.274250e-02 1.838451e-14 3.939351e-02 1.391949e-03 8.986639e-01 8.654972e-12 4.878116e-21 4.122304e-20 3.575345e-13 4.698670e-11 7.791267e-16
8.168850e+00 2.987177e-01 1.571745e+03 9.263801e+04 1.850063e+03 1.930100e-02 4.045581e-14 4.066831e-11 1.789607e-04 3.013586e-26 1.832387e-02 2.274266e-02 1.454111e-14 3.939350e-02 1.391949e-03 8.986639e-01 7.947215e-12 4.511233e-21 4.093043e-20 3.575118e-13 4.698423e-11 7.790811e-16
8.438770e+00 2.880495e-01 1.561620e+03 8.875416e+04 1.857214e+03 1.930100e-02 3.146225e-14 3.769164e-11 1.788105e-04 2.051125e-26 1.832387e-02 2.274281e-02 1.155747e-14 3.939350e-02 1.391948e-03 8.986639e-01 7.308385e-12 4.184467e-21 4.064960e-20 3.574899e-13 4.698185e-11 7.790372e-16
8.713077e+00 2.779402e-01 1.551726e+03 8.509667e+04 1.864169e+03 1.930100e-02 2.453095e-14 3.496028e-11 1.786690e-04 1.411150e-26 1.832387e-02 2.274295e-02 9.232116e-15 3.939350e-02 1.391948e-03 8.986639e-01 6.730550e-12 3.892388e-21 4.037983e-20 3.574689e-13 4.697956e-11 7.789950e-16
8.991771e+00 2.683513e-01 1.542053e+03 8.164868e+04 1.870938e+03 1.930100e-02 1.917434e-14 3.245146e-11 1.785357e-04 9.811813e-27 1.832387e-02 2.274308e-02 7.412555e-15 3.939350e-02 1.391948e-03 8.986639e-01 6.206855e-12 3.630425e-21 4.012046e-20 3.574485e-13 4.697736e-11 7.789543e-16
9.233320e+00 2.605459e-01 1.533960e+03 7.885772e+04 1.876576e+03 1.930100e-02 1.556669e-14 3.046924e-11 1.784278e-04 7.256707e-27 1.832387e-02 2.274319e-02 6.171378e-15 3.939349e-02 1.391948e-03 8.986639e-01 5.797904e-12 3.427592e-21 3.990669e-20 3.574317e-13 4.697554e-11 7.789207e-16
9.478071e+00 2.530744e-01 1.526016e+03 7.619971e+04 1.882089e+03 1.930100e-02 1.265864e-14 2.862296e-11 1.783251e-04 5.406920e-27 1.832387e-02 2.274329e-02 5.157844e-15 3.939349e-02 1.391947e-03 8.986639e-01 5.420827e-12 3.241826e-21 3.969972e-20 3.574153e-13 4.697377e-11 7.788880e-16
9.739680e+00 2.455353e-01 1.517795e+03 7.353144e+04 1.887773e+03 1.930100e-02 1.019644e-14 2.681150e-11 1.782219e-04 3.995149e-27 1.832387e-02 2.274339e-02 4.286960e-15 3.939349e-02 1.391947e-03 8.986639e-01 5.054454e-12 3.062394e-21 3.948844e-20 3.573986e-13 4.697196e-11 7.788547e-16
1.000485e+01 2.383263e-01 1.509731e+03 7.099328e+04 1.893328e+03 1.930100e-02 8.228453e-15 2.512850e-11 1.781238e-04 2.975601e-27 1.832387e-02 2.274349e-02 3.579371e-15 3.939349e-02 1.391947e-03 8.986639e-01 4.717286e-12 2.898093e-21 3.928399e-20 3.573823e-13 4.697021e-11 7.788223e-16
1.028748e+01 2.310822e-01 1.501415e+03 6.845624e+04 1.899035e+03 1.930100e-02 6.580167e-15 2.348641e-11 1.780257e-04 2.201083e-27 1.832387e-02 2.274359e-02 2.975714e-15 3.939349e-02 1.391947e-03 8.986639e-01 4.391329e-12 2.739902e-21 3.907606e-20 3.573658e-13 4.696843e-11 7.787894e-16
1.057404e+01 2.241617e-01 1.493260e+03 6.604539e+04 1.904610e+03 1.930100e-02 5.272418e-15 2.196428e-11 1.779325e-04 1.641954e-27 1.832387e-02 2.274368e-02 2.486720e-15 3.939349e-02 1.391947e-03 8.986639e-01 4.091868e-12 2.595028e-21 3.887495e-20 3.573497e-13 4.696670e-11 7.787575e-16
1.087985e+01 2.172074e-01 1.484846e+03 6.363581e+04 1.910340e+03 1.930100e-02 4.184315e-15 2.048123e-11 1.778393e-04 1.216792e-27 1.832387e-02 2.274377e-02 2.070238e-15 3.939349e-02 1.391947e-03 8.986640e-01 3.802603e-12 2.455385e-21 3.867032e-20 3.573333e-13 4.696494e-11 7.787250e-16
1.119002e+01 2.105698e-01 1.476598e+03 6.134850e+04 1.915937e+03 1.930100e-02 3.327702e-15 1.910984e-11 1.777508e-04 9.097562e-28 1.832387e-02 2.274386e-02 1.733597e-15 3.939349e-02 1.391947e-03 8.986640e-01 3.537343e-12 2.327475e-21 3.847250e-20 3.573173e-13 4.696323e-11 7.786935e-16
1.151936e+01 2.039407e-01 1.468137e+03 5.907667e+04 1.921657e+03 1.930100e-02 2.623871e-15 1.778377e-11 1.776629e-04 6.771460e-28 1.832387e-02 2.274395e-02 1.448689e-15 3.939348e-02 1.391947e-03 8.986640e-01 3.282896e-12 2.204789e-21 3.827236e-20 3.573012e-13 4.696151e-11 7.786616e-16
1.185348e+01 1.976180e-01 1.459845e+03 5.692179e+04 1.927241e+03 1.930100e-02 2.073458e-15 1.656007e-11 1.775795e-04 5.086448e-28 1.832387e-02 2.274403e-02 1.218346e-15 3.939348e-02 1.391946e-03 8.986640e-01 3.049901e-12 2.092334e-21 3.807894e-20 3.572855e-13 4.695984e-11 7.786307e-16
1.221079e+01 1.912652e-01 1.451282e+03 5.476880e+04 1.932985e+03 1.930100e-02 1.621508e-15 1.537148e-11 1.774961e-04 3.797859e-28 1.832387e-02 2.274411e-02 1.022007e-15 3.939348e-02 1.391946e-03 8.986640e-01 2.825259e-12 1.983682e-21 3.788199e-20 3.572696e-13 4.695813e-11 7.785993e-16
1.257341e+01 1.852120e-01 1.442895e+03 5.272896e+04 1.938591e+03 1.930100e-02 1.271079e-15 1.427759e-11 1.774170e-04 2.862759e-28 1.832387e-02 2.274419e-02 8.632316e-16 3.939348e-02 1.391946e-03 8.986640e-01 2.619985e-12 1.884075e-21 3.769174e-20 3.572541e-13 4.695648e-11 7.785688e-16
1.296176e+01 1.791296e-01 1.434229e+03 5.069104e+04 1.944361e+03 1.930100e-02 9.855275e-16 1.321684e-11 1.773379e-04 2.145383e-28 1.832387e-02 2.274427e-02 7.276134e-16 3.939348e-02 1.391946e-03 8.986640e-01 2.422281e-12 1.787719e-21 3.749792e-20 3.572382e-13 4.695480e-11 7.785378e-16
1.335602e+01 1.733401e-01 1.425743e+03 4.876249e+04 1.949989e+03 1.930100e-02 7.661072e-16 1.224339e-11 1.772630e-04 1.623568e-28 1.832387e-02 2.274435e-02 6.177484e-16 3.939348e-02 1.391946e-03 8.986640e-01 2.242024e-12 1.699373e-21 3.731080e-20 3.572229e-13 4.695318e-11 7.785078e-16
1.377889e+01 1.675223e-01 1.416970e+03 4.683586e+04 1.955786e+03 1.930100e-02 5.887505e-16 1.130111e-11 1.771882e-04 1.221735e-28 1.832387e-02 2.274442e-02 5.235608e-16 3.939348e-02 1.391946e-03 8.986640e-01 2.068615e-12 1.613801e-21 3.712004e-20 3.572073e-13 4.695152e-11 7.784772e-16
1.420835e+01 1.619907e-01 1.408383e+03 4.501490e+04 1.961438e+03 1.930100e-02 4.537665e-16 1.043898e-11 1.771173e-04 9.286042e-29 1.832387e-02 2.274449e-02 4.470050e-16 3.939348e-02 1.391946e-03 8.986640e-01 1.910883e-12 1.535334e-21 3.693598e-20 3.571921e-13 4.694992e-11 7.784476e-16
1.464440e+01 1.567269e-01 1.399977e+03 4.329220e+04 1.966949e+03 1.930100e-02 3.507419e-16 9.649469e-12 1.770503e-04 7.125831e-29 1.832387e-02 2.274456e-02 3.842899e-16 3.939348e-02 1.391946e-03 8.986640e-01 1.767211e-12 1.463210e-21 3.675827e-20 3.571775e-13 4.694837e-11 7.784190e-16
1.508704e+01 1.517139e-01 1.391744e+03 4.166103e+04 1.972327e+03 1.930100e-02 2.719092e-16 8.925825e-12 1.769867e-04 5.518279e-29 1.832387e-02 2.274462e-02 3.325163e-16 3.939348e-02 1.391946e-03 8.986640e-01 1.636170e-12 1.396765e-21 3.658658e-20 3.571633e-13 4.694688e-11 7.783914e-16
1.553627e+01 1.469360e-01 1.383679e+03 4.011519e+04 1.977576e+03 1.930100e-02 2.114376e-16 8.261994e-12 1.769264e-04 4.310764e-29 1.832387e-02 2.274468e-02 2.894540e-16 3.939348e-02 1.391946e-03 8.986640e-01 1.516495e-12 1.335417e-21 3.642060e-20 3.571495e-13 4.694543e-11 7.783647e-16
1.605911e+01 1.417318e-01 1.374636e+03 3.844149e+04 1.983442e+03 1.930100e-02 1.590929e-16 7.567879e-12 1.768610e-04 3.280687e-29 1.832387e-02 2.274475e-02 2.486002e-16 3.939348e-02 1.391946e-03 8.986640e-01 1.391887e-12 1.270732e-21 3.623705e-20 3.571342e-13 4.694383e-11 7.783351e-16
1.659061e+01 1.367975e-01 1.365797e+03 3.686457e+04 1.989152e+03 1.930100e-02 1.202615e-16 6.937900e-12 1.767992e-04 2.522792e-29 1.832387e-02 2.274481e-02 2.149497e-16 3.939348e-02 1.391946e-03 8.986640e-01 1.279248e-12 1.211407e-21 3.606021e-20 3.571195e-13 4.694228e-11 7.783066e-16
1.713075e+01 1.321147e-01 1.357153e+03 3.537732e+04 1.994714e+03 1.930100e-02 9.135250e-17 6.365524e-12 1.767410e-04 1.959159e-29 1.832387e-02 2.274487e-02 1.869854e-16 3.939348e-02 1.391946e-03 8.986640e-01 1.177271e-12 1.156863e-21 3.588971e-20 3.571053e-13 4.694079e-11 7.782791e-16
1.767955e+01 1.276667e-01 1.348697e+03 3.397326e+04 2.000135e+03 1.930100e-02 6.976718e-17 5.844978e-12 1.766858e-04 1.535705e-29 1.832387e-02 2.274492e-02 1.635528e-16 3.939348e-02 1.391946e-03 8.986640e-01 1.084810e-12 1.106597e-21 3.572520e-20 3.570915e-13 4.693936e-11 7.782525e-16
1.823700e+01 1.234382e-01 1.340423e+03 3.264647e+04 2.005420e+03 1.930100e-02 5.360462e-17 5.371118e-12 1.766337e-04 1.214474e-29 1.832387e-02 2.274497e-02 1.437667e-16 3.939348e-02 1.391946e-03 8.986640e-01 1.000854e-12 1.060169e-21 3.556636e-20 3.570782e-13 4.693797e-11 7.782269e-16
1.880311e+01 1.194149e-01 1.332322e+03 3.139154e+04 2.010575e+03 1.930100e-02 4.146928e-17 4.939363e-12 1.765843e-04 9.685345e-30 1.832387e-02 2.274502e-02 1.269407e-16 3.939348e-02 1.391946e-03 8.986640e-01 9.245163e-13 1.017194e-21 3.541289e-20 3.570653e-13 4.693663e-11 7.782021e-16
1.937786e+01 1.155838e-01 1.324390e+03 3.020352e+04 2.015606e+03 1.930100e-02 3.233339e-17 4.545620e-12 1.765374e-04 7.785835e-30 1.832387e-02 2.274507e-02 1.125381e-16 3.939348e-02 1.391946e-03 8.986640e-01 8.550104e-13 9.773347e-22 3.526452e-20 3.570528e-13 4.693533e-11 7.781782e-16
1.996127e+01 1.119329e-01 1.316619e+03 2.907787e+04 2.020516e+03 1.930100e-02 2.543775e-17 4.186232e-12 1.764929e-04 6.306471e-30 1.832387e-02 2.274511e-02 1.001358e-16 3.939348e-02 1.391946e-03 8.986640e-01 7.916422e-13 9.402928e-22 3.512099e-20 3.570407e-13 4.693408e-11 7.781550e-16
2.055333e+01 1.084511e-01 1.309004e+03 2.801044e+04 2.025312e+03 1.930100e-02 2.021990e-17 3.857925e-12 1.764506e-04 5.145138e-30 1.832387e-02 2.274516e-02 8.939726e-17 3.939348e-02 1.391946e-03 8.986640e-01 7.337960e-13 9.058050e-22 3.498205e-20 3.570289e-13 4.693286e-11 7.781326e-16
2.115405e+01 1.051282e-01 1.301540e+03 2.699738e+04 2.029998e+03 1.930100e-02 1.626194e-17 3.557765e-12 1.764104e-04 4.226547e-30 1.832387e-02 2.274520e-02 8.005286e-17 3.939348e-02 1.391946e-03 8.986640e-01 6.809251e-13 8.736381e-22 3.484749e-20 3.570175e-13 4.693168e-11 7.781108e-16
2.176341e+01 1.019547e-01 1.294221e+03 2.603517e+04 2.034577e+03 1.930100e-02 1.325252e-17 3.283119e-12 1.763722e-04 3.494701e-30 1.832387e-02 2.274524e-02 7.188459e-17 3.939348e-02 1.391946e-03 8.986640e-01 6.325434e-13 8.435848e-22 3.471709e-20 3.570065e-13 4.693055e-11 7.780898e-16
2.238143e+01 9.892171e-02 1.287043e+03 2.512057e+04 2.039054e+03 1.930100e-02 1.095902e-17 3.031622e-12 1.763358e-04 2.907611e-30 1.832387e-02 2.274527e-02 6.471489e-17 3.939348e-02 1.391946e-03 8.986640e-01 5.882176e-13 8.154603e-22 3.459065e-20 3.569957e-13 4.692944e-11 7.780694e-16
2.321410e+01 9.510340e-02 1.277735e+03 2.397627e+04 2.044845e+03 1.930100e-02 8.727854e-18 2.730246e-12 1.762901e-04 2.298455e-30 1.832387e-02 2.274532e-02 5.650028e-17 3.939348e-02 1.391946e-03 8.986640e-01 5.350390e-13 7.808633e-22 3.442883e-20 3.569820e-13 4.692803e-11 7.780432e-16
2.406197e+01 9.150052e-02 1.268656e+03 2.290404e+04 2.050471e+03 1.930100e-02 7.163569e-18 2.461502e-12 1.762472e-04 1.834895e-30 1.832387e-02 2.274536e-02 4.951669e-17 3.939348e-02 1.391946e-03 8.986640e-01 4.875275e-13 7.490311e-22 3.427325e-20 3.569687e-13 4.692667e-11 7.780181e-16
2.492504e+01 8.809720e-02 1.259795e+03 2.189812e+04 2.055939e+03 1.930100e-02 6.061370e-18 2.221527e-12 1.762068e-04 1.478454e-30 1.832387e-02 2.274540e-02 4.354743e-17 3.939348e-02 1.391946e-03 8.986640e-01 4.449990e-13 7.196697e-22 3.412355e-20 3.569559e-13 4.692536e-11 7.779940e-16
2.580333e+01 8.487901e-02 1.251144e+03 2.095330e+04 2.061258e+03 1.930100e-02 5.281944e-18 2.006976e-12 1.761688e-04 1.201688e-30 1.832387e-02 2.274544e-02 3.842098e-17 3.939348e-02 1.391946e-03 8.986640e-01 4.068605e-13 6.925236e-22 3.397940e-20 3.569436e-13 4.692410e-11 7.779708e-16
2.669682e+01 8.183280e-02 1.242694e+03 2.006487e+04 2.066433e+03 1.930100e-02 4.728993e-18 1.814929e-12 1.761330e-04 9.847958e-31 1.832387e-02 2.274547e-02 3.399989e-17 3.939348e-02 1.391946e-03 8.986640e-01 3.725978e-13 6.673694e-22 3.384047e-20 3.569317e-13 4.692289e-11 7.779484e-16
2.760552e+01 7.894658e-02 1.234437e+03 1.922857e+04 2.071472e+03 1.930100e-02 4.335551e-18 1.642828e-12 1.760991e-04 8.133371e-31 1.832387e-02 2.274551e-02 3.017279e-17 3.939348e-02 1.391946e-03 8.986640e-01 3.417637e-13 6.440114e-22 3.370648e-20 3.569202e-13 4.692172e-11 7.779268e-16
2.852943e+01 7.620937e-02 1.226366e+03 1.844051e+04 2.076380e+03 1.930100e-02 4.054861e-18 1.488432e-12 1.760672e-04 6.766730e-31 1.832387e-02 2.274554e-02 2.684861e-17 3.939348e-02 1.391946e-03 8.986640e-01 3.139684e-13 6.222775e-22 3.357716e-20 3.569090e-13 4.692060e-11 7.779060e-16
2.946854e+01 7.361113e-02 1.218472e+03 1.769717e+04 2.081163e+03 1.930100e-02 3.854149e-18 1.349770e-12 1.760369e-04 5.668896e-31 1.832387e-02 2.274557e-02 2.395231e-17 3.939348e-02 1.391946e-03 8.986640e-01 2.888717e-13 6.020157e-22 3.345226e-20 3.568983e-13 4.691951e-11 7.778859e-16
3.042286e+01 7.114264e-02 1.210750e+03 1.699531e+04 2.085827e+03 1.930100e-02 3.710359e-18 1.225107e-12 1.760083e-04 4.780451e-31 1.832387e-02 2.274560e-02 2.142165e-17 3.939348e-02 1.391946e-03 8.986640e-01 2.661757e-13 5.830916e-22 3.333155e-20 3.568879e-13 4.691846e-11 7.778665e-16
3.139239e+01 6.879542e-02 1.203192e+03 1.633200e+04 2.090376e+03 1.930100e-02 3.607213e-18 1.112917e-12 1.759811e-04 4.056399e-31 1.832387e-02 2.274563e-02 1.920466e-17 3.939348e-02 1.391946e-03 8.986640e-01 2.456192e-13 5.653860e-22 3.321482e-20 3.568778e-13 4.691744e-11 7.778478e-16
3.237712e+01 6.656170e-02 1.195794e+03 1.570454e+04 2.094815e+03 1.930100e-02 3.533181e-18 1.011851e-12 1.759553e-04 3.462380e-31 1.832387e-02 2.274565e-02 1.725770e-17 3.939348e-02 1.391946e-03 8.986640e-01 2.269725e-13 5.487926e-22 3.310186e-20 3.568681e-13 4.691646e-11 7.778296e-16
3.337707e+01 6.443429e-02 1.188548e+03 1.511049e+04 2.099148e+03 1.930100e-02 3.480064e-18 9.207178e-13 1.759309e-04 2.971946e-31 1.832387e-02 2.274568e-02 1.554396e-17 3.939348e-02 1.391946e-03 8.986640e-01 2.100337e-13 5.332167e-22 3.299249e-20 3.568586e-13 4.691552e-11 7.778121e-16
3.439222e+01 6.240658e-02 1.181450e+03 1.454757e+04 2.103380e+03 1.930100e-02 3.442016e-18 8.384649e-13 1.759076e-04 2.564591e-31 1.832387e-02 2.274570e-02 1.403226e-17 3.939348e-02 1.391946e-03 8.986640e-01 1.946243e-13 5.185736e-22 3.288653e-20 3.568494e-13 4.691460e-11 7.777951e-16
3.542258e+01 6.047246e-02 1.174495e+03 1.401371e+04 2.107514e+03 1.930100e-02 3.414854e-18 7.641585e-13 1.758855e-04 2.224297e-31 1.832387e-02 2.274572e-02 1.269604e-17 3.939348e-02 1.391946e-03 8.986640e-01 1.805869e-13 5.047871e-22 3.278381e-20 3.568405e-13 4.691371e-11 7.777787e-16
3.646814e+01 5.862627e-02 1.167676e+03 1.350701e+04 2.111555e+03 1.930100e-02 3.395578e-18 6.969708e-13 1.758644e-04 1.938468e-31 1.832387e-02 2.274574e-02 1.151264e-17 3.939348e-02 1.391946e-03 8.986640e-01 1.677820e-13 4.917891e-22 3.268420e-20 3.568319e-13 4.691285e-11 7.777628e-16
3.752891e+01 5.686279e-02 1.160991e+03 1.302571e+04 2.115505e+03 1.930100e-02 3.382026e-18 6.361668e-13 1.758444e-04 1.697133e-31 1.832387e-02 2.274576e-02 1.046263e-17 3.939348e-02 1.391946e-03 8.986640e-01 1.560861e-13 4.795178e-22 3.258753e-20 3.568235e-13 4.691201e-11 7.777473e-16
3.860489e+01 5.517716e-02 1.154434e+03 1.256819e+04 2.119369e+03 1.930100e-02 3.372639e-18 5.810932e-13 1.758252e-04 1.492352e-31 1.832387e-02 2.274578e-02 9.529311e-18 3.939348e-02 1.391946e-03 8.986640e-01 1.453892e-13 4.679177e-22 3.249369e-20 3.568153e-13 4.691120e-11 7.777324e-16
3.969608e+01 5.356489e-02 1.148000e+03 1.213296e+04 2.123149e+03 1.930100e-02 3.366288e-18 5.311684e-13 1.758070e-04 1.317762e-31 1.832387e-02 2.274580e-02 8.698290e-18 3.939348e-02 1.391946e-03 8.986640e-01 1.355938e-13 4.569385e-22 3.240253e-20 3.568074e-13 4.691042e-11 7.777179e-16
4.080247e+01 5.202179e-02 1.141687e+03 1.171863e+04 2.126848e+03 1.930100e-02 3.362153e-18 4.858743e-13 1.757895e-04 1.168236e-31 1.832387e-02 2.274582e-02 7.957125e-18 3.939348e-02 1.391946e-03 8.986640e-01 1.266129e-13 4.465346e-22 3.231395e-20 3.567997e-13 4.690965e-11 7.777038e-16
4.192407e+01 5.054398e-02 1.135489e+03 1.132393e+04 2.130470e+03 1.930100e-02 3.359637e-18 4.447488e-13 1.757728e-04 1.039620e-31 1.832387e-02 2.274583e-02 7.295038e-18 3.939348e-02 1.391946e-03 8.986640e-01 1.183688e-13 4.366645e-22 3.222783e-20 3.567922e-13 4.690891e-11 7.776901e-16
4.306088e+01 4.912784e-02 1.129404e+03 1.094767e+04 2.134016e+03 1.930100e-02 3.358306e-18 4.073791e-13 1.757569e-04 9.285289e-32 1.832387e-02 2.274585e-02 6.702669e-18 3.939348e-02 1.391946e-03 8.986640e-01 1.107921e-13 4.272906e-22 3.214406e-20 3.567849e-13 4.690819e-11 7.776768e-16
4.421290e+01 4.776999e-02 1.123428e+03 1.058876e+04 2.137490e+03 1.930100e-02 3.357841e-18 3.733966e-13 1.757417e-04 8.321938e-32 1.832387e-02 2.274587e-02 6.171872e-18 3.939348e-02 1.391946e-03 8.986640e-01 1.038209e-13 4.183784e-22 3.206255e-20 3.567778e-13 4.690749e-11 7.776638e-16
4.538012e+01 4.646730e-02 1.117558e+03 1.024618e+04 2.140894e+03 1.930100e-02 3.358008e-18 3.424712e-13 1.757271e-04 7.483361e-32 1.832387e-02 2.274588e-02 5.695543e-18 3.939348e-02 1.391946e-03 8.986640e-01 9.739955e-14 4.098965e-22 3.198321e-20 3.567709e-13 4.690681e-11 7.776513e-16
4.656255e+01 4.521683e-02 1.111789e+03 9.918979e+03 2.144230e+03 1.930100e-02 3.358637e-18 3.143075e-13 1.757131e-04 6.750730e-32 1.832387e-02 2.274589e-02 5.267477e-18 3.939348e-02 1.391946e-03 8.986640e-01 9.147809e-14 4.018163e-22 3.190593e-20 3.567641e-13 4.690615e-11 7.776391e-16
4.776019e+01 4.401582e-02 1.106120e+03 9.606285e+03 2.147501e+03 1.930100e-02 3.359601e-18 2.886404e-13 1.756997e-04 6.108414e-32 1.832387e-02 2.274591e-02 4.882240e-18 3.939348e-02 1.391946e-03 8.986640e-01 8.601174e-14 3.941114e-22 3.183065e-20 3.567575e-13 4.690551e-11 7.776272e-16
4.958516e+01 4.230133e-02 1.097795e+03 9.162622e+03 2.152299e+03 1.930100e-02 3.361476e-18 2.542968e-13 1.756805e-04 5.285628e-32 1.832387e-02 2.274593e-02 4.374186e-18 3.939348e-02 1.391946e-03 8.986640e-01 7.857583e-14 3.832038e-22 3.172128e-20 3.567480e-13 4.690457e-11 7.776099e-16
5.144435e+01 4.068446e-02 1.089677e+03 8.747238e+03 2.156960e+03 1.930100e-02 3.363687e-18 2.243476e-13 1.756626e-04 4.602087e-32 1.832387e-02 2.274594e-02 3.938339e-18 3.939348e-02 1.391946e-03 8.986640e-01 7.195510e-14 3.730135e-22 3.161596e-20 3.567388e-13 4.690368e-11 7.775933e-16
5.333775e+01 3.915796e-02 1.081758e+03 8.357851e+03 2.161492e+03 1.930100e-02 3.366091e-18 1.981880e-13 1.756456e-04 4.030350e-32 1.832387e-02 2.274596e-02 3.563285e-18 3.939348e-02 1.391946e-03 8.986640e-01 6.604692e-14 3.634755e-22 3.151447e-20 3.567299e-13 4.690281e-11 7.775774e-16
5.526537e+01 3.771524e-02 1.074029e+03 7.992399e+03 2.165900e+03 1.930100e-02 3.368602e-18 1.753042e-13 1.756297e-04 3.549051e-32 1.832387e-02 2.274598e-02 3.239603e-18 3.939348e-02 1.391946e-03 8.986640e-01 6.076302e-14 3.545321e-22 3.141658e-20 3.567213e-13 4.690198e-11 7.775620e-16
5.722721e+01 3.635031e-02 1.066481e+03 7.649020e+03 2.170189e+03 1.930100e-02 3.371161e-18 1.552577e-13 1.756146e-04 3.141423e-32 1.832387e-02 2.274599e-02 2.959468e-18 3.939348e-02 1.391946e-03 8.986640e-01 5.602733e-14 3.461320e-22 3.132211e-20 3.567130e-13 4.690118e-11 7.775472e-16
5.922326e+01 3.505769e-02 1.059109e+03 7.326022e+03 2.174366e+03 1.930100e-02 3.373734e-18 1.376726e-13 1.756003e-04 2.794207e-32 1.832387e-02 2.274601e-02 2.716354e-18 3.939348e-02 1.391946e-03 8.986640e-01 5.177413e-14 3.382294e-22 3.123086e-20 3.567050e-13 4.690041e-11 7.775330e-16
6.125353e+01 3.383239e-02 1.051904e+03 7.021873e+03 2.178435e+03 1.930100e-02 3.376299e-18 1.222261e-13 1.755869e-04 2.496841e-32 1.832387e-02 2.274602e-02 2.504801e-18 3.939348e-02 1.391946e-03 8.986640e-01 4.794653e-14 3.307835e-22 3.114267e-20 3.566973e-13 4.689967e-11 7.775192e-16
6.331802e+01 3.266982e-02 1.044860e+03 6.735180e+03 2.182400e+03 1.930100e-02 3.378841e-18 1.086408e-13 1.755741e-04 2.240858e-32 1.832387e-02 2.274603e-02 2.320228e-18 3.939348e-02 1.391946e-03 8.986640e-01 4.449516e-14 3.237574e-22 3.105739e-20 3.566898e-13 4.689895e-11 7.775059e-16
6.541672e+01 3.156579e-02 1.037971e+03 6.464672e+03 2.186265e+03 1.930100e-02 3.381351e-18 9.667724e-14 1.755620e-04 2.019424e-32 1.832387e-02 2.274605e-02 2.158777e-18 3.939348e-02 1.391946e-03 8.986640e-01 4.137706e-14 3.171183e-22 3.097485e-20 3.566825e-13 4.689826e-11 7.774931e-16
6.754964e+01 3.051645e-02 1.031232e+03 6.209187e+03 2.190036e+03 1.930100e-02 3.383826e-18 8.612894e-14 1.755505e-04 1.826988e-32 1.832387e-02 2.274606e-02 2.017193e-18 3.939348e-02 1.391946e-03 8.986640e-01 3.855479e-14 3.108363e-22 3.089494e-20 3.566755e-13 4.689759e-11 7.774807e-16
6.971677e+01 2.951825e-02 1.024636e+03 5.967667e+03 2.193716e+03 1.930100e-02 3.386263e-18 7.681729e-14 1.755396e-04 1.659017e-32 1.832387e-02 2.274607e-02 1.892722e-18 3.939348e-02 1.391946e-03 8.986640e-01 3.599564e-14 3.048846e-22 3.081751e-20 3.566687e-13 4.689694e-11 7.774687e-16
7.191812e+01 2.856793e-02 1.018178e+03 5.739144e+03 2.197309e+03 1.930100e-02 3.388660e-18 6.858774e-14 1.755292e-04 1.511787e-32 1.832387e-02 2.274608e-02 1.783027e-18 3.939348e-02 1.391946e-03 8.986640e-01 3.367096e-14 2.992389e-22 3.074245e-20 3.566621e-13 4.689631e-11 7.774571e-16
7.415369e+01 2.766250e-02 1.011854e+03 5.522729e+03 2.200818e+03 1.930100e-02 3.391018e-18 6.130625e-14 1.755193e-04 1.382225e-32 1.832387e-02 2.274609e-02 1.686120e-18 3.939348e-02 1.391946e-03 8.986640e-01 3.155561e-14 2.938772e-22 3.066965e-20 3.566557e-13 4.689570e-11 7.774459e-16
7.642347e+01 2.679918e-02 1.005658e+03 5.317608e+03 2.204245e+03 1.930100e-02 3.393337e-18 5.485643e-14 1.755099e-04 1.267777e-32 1.832387e-02 2.274610e-02 1.600306e-18 3.939348e-02 1.391946e-03 8.986640e-01 2.962749e-14 2.887793e-22 3.059900e-20 3.566495e-13 4.689512e-11 7.774351e-16
7.872747e+01 2.597541e-02 9.995864e+02 5.123032e+03 2.207596e+03 1.930100e-02 3.395617e-18 4.913711e-14 1.755010e-04 1.166315e-32 1.832387e-02 2.274611e-02 1.524136e-18 3.939348e-02 1.391946e-03 8.986640e-01 2.786714e-14 2.839271e-22 3.053040e-20 3.566434e-13 4.689455e-11 7.774245e-16
8.106569e+01 2.518881e-02 9.936333e+02 4.938308e+03 2.210872e+03 1.930100e-02 3.397859e-18 4.405999e-14 1.754924e-04 1.076055e-32 1.832387e-02 2.274611e-02 1.456370e-18 3.939348e-02 1.391946e-03 8.986640e-01 2.625739e-14 2.793039e-22 3.046377e-20 3.566376e-13 4.689400e-11 7.774143e-16
8.343812e+01 2.443719e-02 9.877939e+02 4.762796e+03 2.214076e+03 1.930100e-02 3.400066e-18 3.954791e-14 1.754843e-04 9.954976e-33 1.832387e-02 2.274612e-02 1.395938e-18 3.939348e-02 1.391946e-03 8.986640e-01 2.478305e-14 2.748944e-22 3.039901e-20 3.566319e-13 4.689346e-11 7.774044e-16
8.584477e+01 2.371851e-02 9.820644e+02 4.595913e+03 2.217211e+03 1.930100e-02 3.402240e-18 3.553367e-14 1.754765e-04 9.233728e-33 1.832387e-02 2.274613e-02 1.341924e-18 3.939348e-02 1.391946e-03 8.986640e-01 2.343066e-14 2.706847e-22 3.033604e-20 3.566263e-13 4.689294e-11 7.773948e-16
8.828564e+01 2.303089e-02 9.764413e+02 4.437120e+03 2.220279e+03 1.930100e-02 3.404381e-18 3.195874e-14 1.754690e-04 8.586043e-33 1.832387e-02 2.274614e-02 1.293538e-18 3.939348e-02 1.391946e-03 8.986640e-01 2.218830e-14 2.666621e-22 3.027479e-20 3.566209e-13 4.689244e-11 7.773855e-16
9.076072e+01 2.237256e-02 9.709212e+02 4.285919e+03 2.223283e+03 1.930100e-02 3.406491e-18 2.877196e-14 1.754619e-04 8.002746e-33 1.832387e-02 2.274615e-02 1.250096e-18 3.939348e-02 1.391946e-03 8.986640e-01 2.104534e-14 2.628147e-22 3.021518e-20 3.566157e-13 4.689195e-11 7.773765e-16
9.327002e+01 2.174189e-02 9.655007e+02 4.141848e+03 2.226225e+03 1.930100e-02 3.408569e-18 2.592852e-14 1.754551e-04 7.475991e-33 1.832387e-02 2.274615e-02 1.211008e-18 3.939348e-02 1.391946e-03 8.986640e-01 1.999233e-14 2.591318e-22 3.015715e-20 3.566105e-13 4.689147e-11 7.773677e-16
9.581354e+01 2.113735e-02 9.601768e+02 4.004480e+03 2.229107e+03 1.930100e-02 3.410619e-18 2.338913e-14 1.754486e-04 6.999044e-33 1.832387e-02 2.274616e-02 1.175761e-18 3.939348e-02 1.391946e-03 8.986640e-01 1.902085e-14 2.556033e-22 3.010062e-20 3.566056e-13 4.689101e-11 7.773591e-16
9.839127e+01 2.055754e-02 9.549464e+02 3.873418e+03 2.231931e+03 1.930100e-02 3.412639e-18 2.111927e-14 1.754423e-04 6.566104e-33 1.832387e-02 2.274617e-02 1.143909e-18 3.939348e-02 1.391946e-03 8.986640e-01 1.812337e-14 2.522202e-22 3.004555e-20 3.566007e-13 4.689056e-11 7.773508e-16
1.010032e+02 2.000111e-02 9.498067e+02 3.748294e+03 2.234699e+03 1.930100e-02 3.414633e-18 1.908856e-14 1.754363e-04 6.172161e-33 1.832387e-02 2.274617e-02 1.115065e-18 3.939348e-02 1.391946e-03 8.986640e-01 1.729315e-14 2.489738e-22 2.999187e-20 3.565960e-13 4.689012e-11 7.773427e-16
1.036494e+02 1.946684e-02 9.447550e+02 3.628767e+03 2.237412e+03 1.930100e-02 3.416599e-18 1.727028e-14 1.754305e-04 5.812866e-33 1.832387e-02 2.274618e-02 1.088888e-18 3.939348e-02 1.391946e-03 8.986640e-01 1.652416e-14 2.458564e-22 2.993952e-20 3.565913e-13 4.688970e-11 7.773348e-16
1.063298e+02 1.895357e-02 9.397886e+02 3.514516e+03 2.240074e+03 1.930100e-02 3.418540e-18 1.564085e-14 1.754250e-04 5.484443e-33 1.832387e-02 2.274618e-02 1.065082e-18 3.939348e-02 1.391946e-03 8.986640e-01 1.581098e-14 2.428606e-22 2.988846e-20 3.565868e-13 4.688928e-11 7.773272e-16
1.090444e+02 1.846022e-02 9.349051e+02 3.405248e+03 2.242685e+03 1.930100e-02 3.420457e-18 1.417947e-14 1.754197e-04 5.183595e-33 1.832387e-02 2.274619e-02 1.043388e-18 3.939348e-02 1.391946e-03 8.986640e-01 1.514875e-14 2.399798e-22 2.983863e-20 3.565825e-13 4.688888e-11 7.773197e-16
1.117932e+02 1.798577e-02 9.301020e+02 3.300683e+03 2.245246e+03 1.930100e-02 3.422350e-18 1.286775e-14 1.754146e-04 4.907438e-33 1.832387e-02 2.274619e-02 1.023577e-18 3.939348e-02 1.391946e-03 8.986640e-01 1.453309e-14 2.372075e-22 2.978999e-20 3.565782e-13 4.688848e-11 7.773124e-16
1.145762e+02 1.752927e-02 9.253770e+02 3.200566e+03 2.247760e+03 1.930100e-02 3.424220e-18 1.168946e-14 1.754097e-04 4.653443e-33 1.832387e-02 2.274620e-02 1.005449e-18 3.939348e-02 1.391946e-03 8.986640e-01 1.396005e-14 2.345380e-22 2.974250e-20 3.565740e-13 4.688810e-11 7.773053e-16
1.173935e+02 1.708983e-02 9.207279e+02 3.104655e+03 2.250228e+03 1.930100e-02 3.426068e-18 1.063020e-14 1.754049e-04 4.419387e-33 1.832387e-02 2.274620e-02 9.888272e-19 3.939348e-02 1.391946e-03 8.986640e-01 1.342607e-14 2.319658e-22 2.969611e-20 3.565699e-13 4.688773e-11 7.772984e-16
1.202449e+02 1.666662e-02 9.161526e+02 3.012726e+03 2.252652e+03 1.930100e-02 3.427895e-18 9.677233e-15 1.754004e-04 4.203308e-33 1.832387e-02 2.274621e-02 9.735559e-19 3.939348e-02 1.391946e-03 8.986640e-01 1.292793e-14 2.294859e-22 2.965079e-20 3.565659e-13 4.688736e-11 7.772917e-16
1.231306e+02 1.625884e-02 9.116491e+02 2.924568e+03 2.255032e+03 1.930100e-02 3.429702e-18 8.819255e-15 1.753960e-04 4.003472e-33 1.832387e-02 2.274621e-02 9.594973e-19 3.939348e-02 1.391946e-03 8.986640e-01 1.246271e-14 2.270935e-22 2.960649e-20 3.565620e-13 4.688701e-11 7.772851e-16
1.260505e+02 1.586577e-02 9.072153e+02 2.839983e+03 2.257369e+03 1.930100e-02 3.431489e-18 8.046236e-15 1.753917e-04 3.818344e-33 1.832387e-02 2.274622e-02 9.465295e-19 3.939348e-02 1.391946e-03 8.986640e-01 1.202777e-14 2.247842e-22 2.956317e-20 3.565581e-13 4.688666e-11 7.772787e-16
1.290046e+02 1.548669e-02 9.028494e+02 2.758788e+03 2.259666e+03 1.930100e-02 3.433257e-18 7.349264e-15 1.753877e-04 3.646559e-33 1.832387e-02 2.274622e-02 9.345444e-19 3.939348e-02 1.391946e-03 8.986640e-01 1.162073e-14 2.225539e-22 2.952082e-20 3.565544e-13 4.688632e-11 7.772725e-16
1.319929e+02 1.512097e-02 8.985496e+02 2.680810e+03 2.261924e+03 1.930100e-02 3.435007e-18 6.720417e-15 1.753837e-04 3.486902e-33 1.832387e-02 2.274622e-02 9.234460e-19 3.939348e-02 1.391946e-03 8.986640e-01 1.123939e-14 2.203987e-22 2.947938e-20 3.565507e-13 4.688599e-11 7.772664e-16
1.350155e+02 1.476797e-02 8.943142e+02 2.605886e+03 2.264143e+03 1.930100e-02 3.436739e-18 6.152643e-15 1.753799e-04 3.338291e-33 1.832387e-02 2.274623e-02 9.131489e-19 3.939348e-02 1.391946e-03 8.986640e-01 1.088179e-14 2.183149e-22 2.943883e-20 3.565472e-13 4.688567e-11 7.772604e-16
1.380722e+02 1.442713e-02 8.901414e+02 2.533863e+03 2.266324e+03 1.930100e-02 3.438455e-18 5.639662e-15 1.753763e-04 3.199756e-33 1.832387e-02 2.274623e-02 9.035771e-19 3.939348e-02 1.391946e-03 8.986640e-01 1.054612e-14 2.162992e-22 2.939915e-20 3.565437e-13 4.688536e-11 7.772546e-16
1.411632e+02 1.409788e-02 8.860296e+02 2.464600e+03 2.268469e+03 1.930100e-02 3.440154e-18 5.175876e-15 1.753727e-04 3.070432e-33 1.832387e-02 2.274623e-02 8.946628e-19 3.939348e-02 1.391946e-03 8.986640e-01 1.023073e-14 2.143483e-22 2.936030e-20 3.565402e-13 4.688505e-11 7.772489e-16
1.442884e+02 1.377972e-02 8.819773e+02 2.397960e+03 2.270579e+03 1.930100e-02 3.441837e-18 4.756293e-15 1.753693e-04 2.949537e-33 1.832387e-02 2.274624e-02 8.863453e-19 3.939348e-02 1.391946e-03 8.986640e-01 9.934129e-15 2.124594e-22 2.932225e-20 3.565369e-13 4.688475e-11 7.772433e-16
1.474478e+02 1.347214e-02 8.779830e+02 2.333818e+03 2.272654e+03 1.930100e-02 3.443506e-18 4.376452e-15 1.753660e-04 2.836374e-33 1.832387e-02 2.274624e-02 8.785703e-19 3.939348e-02 1.391946e-03 8.986640e-01 9.654942e-15 2.106294e-22 2.928498e-20 3.565336e-13 4.688445e-11 7.772379e-16
1.506415e+02 1.317469e-02 8.740453e+02 2.272054e+03 2.274696e+03 1.930100e-02 3.445159e-18 4.032371e-15 1.753628e-04 2.730310e-33 1.832387e-02 2.274624e-02 8.712894e-19 3.939348e-02 1.391946e-03 8.986640e-01 9.391915e-15 2.088559e-22 2.924846e-20 3.565304e-13 4.688417e-11 7.772326e-16
1.538693e+02 1.288693e-02 8.701626e+02 2.212556e+03 2.276705e+03 1.930100e-02 3.446799e-18 3.720487e-15 1.753597e-04 2.630777e-33 1.832387e-02 2.274625e-02 8.644588e-19 3.939348e-02 1.391946e-03 8.986640e-01 9.143898e-15 2.071362e-22 2.921267e-20 3.565272e-13 4.688389e-11 7.772273e-16
1.571314e+02 1.260845e-02 8.663337e+02 2.155217e+03 2.278683e+03 1.930100e-02 3.448425e-18 3.437614e-15 1.753567e-04 2.537259e-33 1.832387e-02 2.274625e-02 8.580395e-19 3.939348e-02 1.391946e-03 8.986640e-01 8.909839e-15 2.054681e-22 2.917759e-20 3.565241e-13 4.688361e-11 7.772223e-16
1.620886e+02 1.220722e-02 8.606883e+02 2.073037e+03 2.281597e+03 1.930100e-02 3.450840e-18 3.061373e-15 1.753524e-04 2.407224e-33 1.832387e-02 2.274626e-02 8.491033e-19 3.939348e-02 1.391946e-03 8.986640e-01 8.582761e-15 2.030576e-22 2.912625e-20 3.565196e-13 4.688321e-11 7.772148e-16
1.671228e+02 1.182475e-02 8.551567e+02 1.995180e+03 2.284443e+03 1.930100e-02 3.453226e-18 2.735711e-15 1.753483e-04 2.288296e-33 1.832387e-02 2.274626e-02 8.409101e-19 3.939348e-02 1.391946e-03 8.986640e-01 8.282001e-15 2.007510e-22 2.907638e-20 3.565152e-13 4.688282e-11 7.772076e-16
1.722341e+02 1.145988e-02 8.497351e+02 1.921357e+03 2.287226e+03 1.930100e-02 3.455587e-18 2.453445e-15 1.753443e-04 2.179264e-33 1.832387e-02 2.274626e-02 8.333697e-19 3.939348e-02 1.391946e-03 8.986640e-01 8.004961e-15 1.985419e-22 2.902791e-20 3.565109e-13 4.688244e-11 7.772006e-16
1.774223e+02 1.111156e-02 8.444196e+02 1.851303e+03 2.289946e+03 1.930100e-02 3.457922e-18 2.208471e-15 1.753406e-04 2.079075e-33 1.832387e-02 2.274627e-02 8.264049e-19 3.939348e-02 1.391946e-03 8.986640e-01 7.749347e-15 1.964245e-22 2.898079e-20 3.565067e-13 4.688208e-11 7.771939e-16
1.826875e+02 1.077879e-02 8.392067e+02 1.784774e+03 2.292606e+03 1.930100e-02 3.460234e-18 1.995591e-15 1.753370e-04 1.986808e-33 1.832387e-02 2.274627e-02 8.199490e-19 3.939348e-02 1.391946e-03 8.986640e-01 7.513120e-15 1.943932e-22 2.893495e-20 3.565027e-13 4.688172e-11 7.771873e-16
1.880296e+02 1.046068e-02 8.340928e+02 1.721545e+03 2.295209e+03 1.930100e-02 3.462523e-18 1.810369e-15 1.753336e-04 1.901658e-33 1.832387e-02 2.274627e-02 8.139442e-19 3.939348e-02 1.391946e-03 8.986640e-01 7.294472e-15 1.924430e-22 2.889035e-20 3.564988e-13 4.688138e-11 7.771809e-16
1.934488e+02 1.015637e-02 8.290746e+02 1.661408e+03 2.297756e+03 1.930100e-02 3.464790e-18 1.649016e-15 1.753303e-04 1.822919e-33 1.832387e-02 2.274628e-02 8.083407e-19 3.939348e-02 1.391946e-03 8.986640e-01 7.091792e-15 1.905693e-22 2.884693e-20 3.564949e-13 4.688104e-11 7.771748e-16
1.989450e+02 9.865076e-03 8.241490e+02 1.604170e+03 2.300249e+03 1.930100e-02 3.467038e-18 1.508289e-15 1.753271e-04 1.749968e-33 1.832387e-02 2.274628e-02 8.030948e-19 3.939348e-02 1.391946e-03 8.986640e-01 6.903644e-15 1.887677e-22 2.880463e-20 3.564912e-13 4.688072e-11 7.771688e-16
2.045181e+02 9.586076e-03 8.193131e+02 1.549655e+03 2.302691e+03 1.930100e-02 3.469266e-18 1.385409e-15 1.753241e-04 1.682254e-33 1.832387e-02 2.274628e-02 7.981688e-19 3.939348e-02 1.391946e-03 8.986640e-01 6.728742e-15 1.870342e-22 2.876343e-20 3.564875e-13 4.688040e-11 7.771629e-16
2.101682e+02 9.318686e-03 8.145640e+02 1.497698e+03 2.305083e+03 1.930100e-02 3.471476e-18 1.277990e-15 1.753212e-04 1.619291e-33 1.832387e-02 2.274629e-02 7.935295e-19 3.939348e-02 1.391946e-03 8.986640e-01 6.565937e-15 1.853652e-22 2.872326e-20 3.564840e-13 4.688010e-11 7.771572e-16
2.158954e+02 9.062273e-03 8.098990e+02 1.448146e+03 2.307426e+03 1.930100e-02 3.473669e-18 1.183982e-15 1.753185e-04 1.560646e-33 1.832387e-02 2.274629e-02 7.891480e-19 3.939348e-02 1.391946e-03 8.986640e-01 6.414197e-15 1.837570e-22 2.868409e-20 3.564805e-13 4.687980e-11 7.771517e-16
2.216995e+02 8.816245e-03 8.053154e+02 1.400857e+03 2.309723e+03 1.930100e-02 3.475845e-18 1.101623e-15 1.753158e-04 1.505934e-33 1.832387e-02 2.274629e-02 7.849987e-19 3.939348e-02 1.391946e-03 8.986640e-01 6.272594e-15 1.822066e-22 2.864589e-20 3.564772e-13 4.687951e-11 7.771464e-16
2.275805e+02 8.580053e-03 8.008109e+02 1.355702e+03 2.311975e+03 1.930100e-02 3.478006e-18 1.029391e-15 1.753132e-04 1.454812e-33 1.832387e-02 2.274629e-02 7.810593e-19 3.939348e-02 1.391946e-03 8.986640e-01 6.140292e-15 1.807109e-22 2.860861e-20 3.564739e-13 4.687923e-11 7.771411e-16
2.335386e+02 8.353179e-03 7.963829e+02 1.312556e+03 2.314184e+03 1.930100e-02 3.480152e-18 9.659749e-16 1.753108e-04 1.406972e-33 1.832387e-02 2.274630e-02 7.773099e-19 3.939348e-02 1.391946e-03 8.986640e-01 6.016538e-15 1.792672e-22 2.857222e-20 3.564707e-13 4.687895e-11 7.771360e-16
2.395737e+02 8.135141e-03 7.920293e+02 1.271307e+03 2.316350e+03 1.930100e-02 3.482283e-18 9.102424e-16 1.753084e-04 1.362139e-33 1.832387e-02 2.274630e-02 7.737331e-19 3.939348e-02 1.391946e-03 8.986640e-01 5.900652e-15 1.778728e-22 2.853668e-20 3.564675e-13 4.687868e-11 7.771311e-16
2.456857e+02 7.925488e-03 7.877479e+02 1.231849e+03 2.318475e+03 1.930100e-02 3.484402e-18 8.612133e-16 1.753061e-04 1.320066e-33 1.832387e-02 2.274630e-02 7.703133e-19 3.939348e-02 1.391946e-03 8.986640e-01 5.792018e-15 1.765252e-22 2.850197e-20 3.564645e-13 4.687842e-11 7.771263e-16
2.518748e+02 7.723796e-03 7.835366e+02 1.194082e+03 2.320560e+03 1.930100e-02 3.486508e-18 8.180390e-16 1.753039e-04 1.280530e-33 1.832387e-02 2.274630e-02 7.670367e-19 3.939348e-02 1.391946e-03 8.986640e-01 5.690075e-15 1.752223e-22 2.846805e-20 3.564615e-13 4.687817e-11 7.771215e-16
2.581408e+02 7.529669e-03 7.793933e+02 1.157915e+03 2.322607e+03 1.930100e-02 3.488601e-18 7.799840e-16 1.753018e-04 1.243331e-33 1.832387e-02 2.274631e-02 7.638911e-19 3.939348e-02 1.391946e-03 8.986640e-01 5.594318e-15 1.739618e-22 2.843490e-20 3.564585e-13 4.687792e-11 7.771170e-16
2.644838e+02 7.342734e-03 7.753162e+02 1.123261e+03 2.324617e+03 1.930100e-02 3.490684e-18 7.464097e-16 1.752998e-04 1.208286e-33 1.832387e-02 2.274631e-02 7.608655e-19 3.939348e-02 1.391946e-03 8.986640e-01 5.504286e-15 1.727417e-22 2.840249e-20 3.564557e-13 4.687768e-11 7.771125e-16
2.709038e+02 7.162641e-03 7.713034e+02 1.090040e+03 2.326591e+03 1.930100e-02 3.492755e-18 7.167613e-16 1.752978e-04 1.175233e-33 1.832387e-02 2.274631e-02 7.579501e-19 3.939348e-02 1.391946e-03 8.986640e-01 5.419557e-15 1.715602e-22 2.837079e-20 3.564529e-13 4.687744e-11 7.771081e-16
2.774008e+02 6.989061e-03 7.673531e+02 1.058177e+03 2.328529e+03 1.930100e-02 3.494816e-18 6.905563e-16 1.752959e-04 1.144021e-33 1.832387e-02 2.274631e-02 7.551361e-19 3.939348e-02 1.391946e-03 8.986640e-01 5.339750e-15 1.704155e-22 2.833978e-20 3.564501e-13 4.687721e-11 7.771039e-16
2.839748e+02 6.821686e-03 7.634636e+02 1.027600e+03 2.330434e+03 1.930100e-02 3.496868e-18 6.673745e-16 1.752941e-04 1.114516e-33 1.832387e-02 2.274631e-02 7.524157e-19 3.939348e-02 1.391946e-03 8.986640e-01 5.264514e-15 1.693059e-22 2.830944e-20 3.564475e-13 4.687699e-11 7.770997e-16
2.906257e+02 6.660223e-03 7.596333e+02 9.982446e+02 2.332306e+03 1.930100e-02 3.498909e-18 6.468495e-16 1.752923e-04 1.086593e-33 1.832387e-02 2.274632e-02 7.497817e-19 3.939348e-02 1.391946e-03 8.986640e-01 5.193529e-15 1.682298e-22 2.827973e-20 3.564448e-13 4.687677e-11 7.770956e-16
2.973537e+02 6.504398e-03 7.558607e+02 9.700476e+02 2.334145e+03 1.930100e-02 3.500942e-18 6.286615e-16 1.752906e-04 1.060142e-33 1.832387e-02 2.274632e-02 7.472279e-19 3.939348e-02 1.391946e-03 8.986640e-01 5.126502e-15 1.671859e-22 2.825065e-20 3.564423e-13 4.687656e-11 7.770917e-16
3.041586e+02 6.353952e-03 7.521441e+02 9.429512e+02 2.335954e+03 1.930100e-02 3.502967e-18 6.125315e-16 1.752890e-04 1.035060e-33 1.832387e-02 2.274632e-02 7.447483e-19 3.939348e-02 1.391946e-03 8.986640e-01 5.063165e-15 1.661726e-22 2.822217e-20 3.564398e-13 4.687635e-11 7.770878e-16
3.110405e+02 6.208642e-03 7.484822e+02 9.169007e+02 2.337732e+03 1.930100e-02 3.504983e-18 5.982151e-16 1.752874e-04 1.011252e-33 1.832387e-02 2.274632e-02 7.423379e-19 3.939348e-02 1.391946e-03 8.986640e-01 5.003270e-15 1.651886e-22 2.819427e-20 3.564373e-13 4.687614e-11 7.770840e-16
3.179994e+02 6.068237e-03 7.448735e+02 8.918448e+02 2.339481e+03 1.930100e-02 3.506992e-18 5.854986e-16 1.752858e-04 9.886326e-34 1.832387e-02 2.274632e-02 7.399918e-19 3.939348e-02 1.391946e-03 8.986640e-01 4.946591e-15 1.642328e-22 2.816693e-20 3.564349e-13 4.687594e-11 7.770803e-16
3.250353e+02 5.932518e-03 7.413167e+02 8.677350e+02 2.341201e+03 1.930100e-02 3.508994e-18 5.741949e-16 1.752843e-04 9.671235e-34 1.832387e-02 2.274632e-02 7.377058e-19 3.939348e-02 1.391946e-03 8.986640e-01 4.892918e-15 1.633040e-22 2.814014e-20 3.564325e-13 4.687575e-11 7.770767e-16
3.321482e+02 5.801282e-03 7.378105e+02 8.445260e+02 2.342893e+03 1.930100e-02 3.510988e-18 5.641397e-16 1.752829e-04 9.466521e-34 1.832387e-02 2.274632e-02 7.354759e-19 3.939348e-02 1.391946e-03 8.986640e-01 4.842059e-15 1.624010e-22 2.811387e-20 3.564302e-13 4.687555e-11 7.770731e-16
3.393381e+02 5.674332e-03 7.343536e+02 8.221749e+02 2.344558e+03 1.930100e-02 3.512976e-18 5.551888e-16 1.752815e-04 9.271519e-34 1.832387e-02 2.274633e-02 7.332987e-19 3.939348e-02 1.391946e-03 8.986640e-01 4.793836e-15 1.615227e-22 2.808812e-20 3.564279e-13 4.687537e-11 7.770697e-16
3.466049e+02 5.551485e-03 7.309448e+02 8.006413e+02 2.346196e+03 1.930100e-02 3.514958e-18 5.472156e-16 1.752801e-04 9.085615e-34 1.832387e-02 2.274633e-02 7.311708e-19 3.939348e-02 1.391946e-03 8.986640e-01 4.748086e-15 1.606683e-22 2.806286e-20 3.564257e-13 4.687518e-11 7.770663e-16
3.539488e+02 5.432567e-03 7.275830e+02 7.798872e+02 2.347809e+03 1.930100e-02 3.516934e-18 5.401087e-16 1.752788e-04 8.908244e-34 1.832387e-02 2.274633e-02 7.290893e-19 3.939348e-02 1.391946e-03 8.986640e-01 4.704656e-15 1.598368e-22 2.803808e-20 3.564235e-13 4.687501e-11 7.770630e-16
3.613696e+02 5.317411e-03 7.242669e+02 7.598766e+02 2.349397e+03 1.930100e-02 3.518904e-18 5.337701e-16 1.752775e-04 8.738885e-34 1.832387e-02 2.274633e-02 7.270515e-19 3.939348e-02 1.391946e-03 8.986640e-01 4.663405e-15 1.590272e-22 2.801377e-20 3.564213e-13 4.687483e-11 7.770597e-16
3.688674e+02 5.205862e-03 7.209955e+02 7.405757e+02 2.350961e+03 1.930100e-02 3.520869e-18 5.281134e-16 1.752763e-04 8.577055e-34 1.832387e-02 2.274633e-02 7.250549e-19 3.939348e-02 1.391946e-03 8.986640e-01 4.624204e-15 1.582387e-22 2.798991e-20 3.564192e-13 4.687466e-11 7.770565e-16
3.764422e+02 5.097771e-03 7.177678e+02 7.219523e+02 2.352500e+03 1.930100e-02 3.522829e-18 5.230625e-16 1.752751e-04 8.422309e-34 1.832387e-02 2.274633e-02 7.230972e-19 3.939348e-02 1.391946e-03 8.986640e-01 4.586932e-15 1.574705e-22 2.796649e-20 3.564172e-13 4.687449e-11 7.770534e-16
3.840940e+02 4.992996e-03 7.145827e+02 7.039762e+02 2.354017e+03 1.930100e-02 3.524783e-18 5.185502e-16 1.752739e-04 8.274231e-34 1.832387e-02 2.274633e-02 7.211763e-19 3.939348e-02 1.391946e-03 8.986640e-01 4.551475e-15 1.567218e-22 2.794350e-20 3.564151e-13 4.687433e-11 7.770504e-16
3.918228e+02 4.891404e-03 7.114393e+02 6.866187e+02 2.355511e+03 1.930100e-02 3.526733e-18 5.145170e-16 1.752728e-04 8.132438e-34 1.832387e-02 2.274633e-02 7.192902e-19 3.939348e-02 1.391946e-03 8.986640e-01 4.517730e-15 1.559920e-22 2.792092e-20 3.564131e-13 4.687416e-11 7.770474e-16
3.996286e+02 4.792868e-03 7.083366e+02 6.698527e+02 2.356982e+03 1.930100e-02 3.528679e-18 5.109106e-16 1.752717e-04 7.996574e-34 1.832387e-02 2.274634e-02 7.174372e-19 3.939348e-02 1.391946e-03 8.986640e-01 4.485600e-15 1.552803e-22 2.789874e-20 3.564112e-13 4.687401e-11 7.770444e-16
4.075113e+02 4.697266e-03 7.052736e+02 6.536526e+02 2.358433e+03 1.930100e-02 3.530621e-18 5.076845e-16 1.752706e-04 7.866308e-34 1.832387e-02 2.274634e-02 7.156155e-19 3.939348e-02 1.391946e-03 8.986640e-01 4.454994e-15 1.545861e-22 2.787695e-20 3.564093e-13 4.687385e-11 7.770416e-16
4.154711e+02 4.604483e-03 7.022495e+02 6.379940e+02 2.359862e+03 1.930100e-02 3.532558e-18 5.047976e-16 1.752696e-04 7.741330e-34 1.832387e-02 2.274634e-02 7.138238e-19 3.939348e-02 1.391946e-03 8.986640e-01 4.425827e-15 1.539086e-22 2.785554e-20 3.564074e-13 4.687370e-11 7.770388e-16
4.235078e+02 4.514411e-03 6.992634e+02 6.228538e+02 2.361271e+03 1.930100e-02 3.534492e-18 5.022134e-16 1.752686e-04 7.621354e-34 1.832387e-02 2.274634e-02 7.120605e-19 3.939348e-02 1.391946e-03 8.986640e-01 4.398021e-15 1.532475e-22 2.783451e-20 3.564055e-13 4.687355e-11 7.770360e-16
4.316215e+02 4.426944e-03 6.963145e+02 6.082102e+02 2.362660e+03 1.930100e-02 3.536422e-18 4.998996e-16 1.752676e-04 7.506112e-34 1.832387e-02 2.274634e-02 7.103243e-19 3.939348e-02 1.391946e-03 8.986640e-01 4.371503e-15 1.526020e-22 2.781383e-20 3.564037e-13 4.687340e-11 7.770333e-16
4.398122e+02 4.341984e-03 6.934019e+02 5.940424e+02 2.364029e+03 1.930100e-02 3.538349e-18 4.978277e-16 1.752666e-04 7.395353e-34 1.832387e-02 2.274634e-02 7.086140e-19 3.939348e-02 1.391946e-03 8.986640e-01 4.346203e-15 1.519716e-22 2.779350e-20 3.564019e-13 4.687326e-11 7.770306e-16
4.480799e+02 4.259435e-03 6.905249e+02 5.803307e+02 2.365380e+03 1.930100e-02 3.540273e-18 4.959720e-16 1.752657e-04 7.288845e-34 1.832387e-02 2.274634e-02 7.069285e-19 3.939348e-02 1.391946e-03 8.986640e-01 4.322057e-15 1.513558e-22 2.777351e-20 3.564001e-13 4.687312e-11 7.770280e-16
4.564246e+02 4.179208e-03 6.876827e+02 5.670565e+02 2.366711e+03 1.930100e-02 3.542193e-18 4.943100e-16 1.752648e-04 7.186368e-34 1.832387e-02 2.274634e-02 7.052667e-19 3.939348e-02 1.391946e-03 8.986640e-01 4.299006e-15 1.507541e-22 2.775386e-20 3.563984e-13 4.687298e-11 7.770255e-16
4.648462e+02 4.101217e-03 6.848746e+02 5.542019e+02 2.368025e+03 1.930100e-02 3.544110e-18 4.928216e-16 1.752639e-04 7.087718e-34 1.832387e-02 2.274634e-02 7.036276e-19 3.939348e-02 1.391946e-03 8.986640e-01 4.276991e-15 1.501660e-22 2.773452e-20 3.563966e-13 4.687284e-11 7.770229e-16
4.733449e+02 4.025379e-03 6.820999e+02 5.417501e+02 2.369321e+03 1.930100e-02 3.546025e-18 4.914887e-16 1.752631e-04 6.992704e-34 1.832387e-02 2.274634e-02 7.020104e-19 3.939348e-02 1.391946e-03 8.986640e-01 4.255962e-15 1.495911e-22 2.771550e-20 3.563950e-13 4.687271e-11 7.770205e-16
4.819205e+02 3.951617e-03 6.793578e+02 5.296849e+02 2.370599e+03 1.930100e-02 3.547937e-18 4.902954e-16 1.752622e-04 6.901146e-34 1.832387e-02 2.274635e-02 7.004140e-19 3.939348e-02 1.391946e-03 8.986640e-01 4.235867e-15 1.490290e-22 2.769679e-20 3.563933e-13 4.687258e-11 7.770181e-16
4.905731e+02 3.879855e-03 6.766477e+02 5.179911e+02 2.371860e+03 1.930100e-02 3.549847e-18 4.892275e-16 1.752614e-04 6.812874e-34 1.832387e-02 2.274635e-02 6.988378e-19 3.939348e-02 1.391946e-03 8.986640e-01 4.216660e-15 1.484792e-22 2.767837e-20 3.563917e-13 4.687245e-11 7.770157e-16
4.993027e+02 3.810021e-03 6.739689e+02 5.066540e+02 2.373105e+03 1.930100e-02 3.551754e-18 4.882722e-16 1.752606e-04 6.727732e-34 1.832387e-02 2.274635e-02 6.972809e-19 3.939348e-02 1.391946e-03 8.986640e-01 4.198297e-15 1.479413e-22 2.766025e-20 3.563901e-13 4.687233e-11 7.770133e-16
5.081093e+02 3.742049e-03 6.713208e+02 4.956599e+02 2.374333e+03 1.930100e-02 3.553659e-18 4.874183e-16 1.752599e-04 6.645570e-34 1.832387e-02 2.274635e-02 6.957427e-19 3.939348e-02 1.391946e-03 8.986640e-01 4.180737e-15 1.474149e-22 2.764241e-20 3.563885e-13 4.687220e-11 7.770110e-16
5.169929e+02 3.675871e-03 6.687029e+02 4.849955e+02 2.375546e+03 1.930100e-02 3.555562e-18 4.866555e-16 1.752591e-04 6.566249e-34 1.832387e-02 2.274635e-02 6.942224e-19 3.939348e-02 1.391946e-03 8.986640e-01 4.163941e-15 1.468997e-22 2.762485e-20 3.563869e-13 4.687208e-11 7.770088e-16
5.259535e+02 3.611426e-03 6.661144e+02 4.746481e+02 2.376743e+03 1.930100e-02 3.557463e-18 4.859749e-16 1.752584e-04 6.489636e-34 1.832387e-02 2.274635e-02 6.927195e-19 3.939348e-02 1.391946e-03 8.986640e-01 4.147873e-15 1.463954e-22 2.760755e-20 3.563854e-13 4.687196e-11 7.770066e-16
5.349910e+02 3.548655e-03 6.635548e+02 4.646059e+02 2.377925e+03 1.930100e-02 3.559362e-18 4.853682e-16 1.752577e-04 6.415607e-34 1.832387e-02 2.274635e-02 6.912334e-19 3.939348e-02 1.391946e-03 8.986640e-01 4.132498e-15 1.459016e-22 2.759052e-20 3.563839e-13 4.687184e-11 7.770044e-16
5.441056e+02 3.487499e-03 6.610236e+02 4.548574e+02 2.379091e+03 1.930100e-02 3.561259e-18 4.848283e-16 1.752570e-04 6.344046e-34 1.832387e-02 2.274635e-02 6.897634e-19 3.939348e-02 1.391946e-03 8.986640e-01 4.117783e-15 1.454179e-22 2.757375e-20 3.563824e-13 4.687173e-11 7.770022e-16
5.579217e+02 3.398671e-03 6.572789e+02 4.407609e+02 2.380816e+03 1.930100e-02 3.564101e-18 4.841291e-16 1.752559e-04 6.241084e-34 1.832387e-02 2.274635e-02 6.875877e-19 3.939348e-02 1.391946e-03 8.986640e-01 4.096880e-15 1.447108e-22 2.754906e-20 3.563802e-13 4.687156e-11 7.769991e-16
5.719111e+02 3.313181e-03 6.535949e+02 4.272657e+02 2.382509e+03 1.930100e-02 3.566940e-18 4.835465e-16 1.752550e-04 6.143081e-34 1.832387e-02 2.274635e-02 6.854457e-19 3.939348e-02 1.391946e-03 8.986640e-01 4.077298e-15 1.440249e-22 2.752491e-20 3.563781e-13 4.687139e-11 7.769960e-16
5.860737e+02 3.230864e-03 6.499699e+02 4.143393e+02 2.384171e+03 1.930100e-02 3.569776e-18 4.830642e-16 1.752540e-04 6.049719e-34 1.832387e-02 2.274635e-02 6.833358e-19 3.939348e-02 1.391946e-03 8.986640e-01 4.058949e-15 1.433593e-22 2.750129e-20 3.563760e-13 4.687123e-11 7.769930e-16
6.004096e+02 3.151564e-03 6.464023e+02 4.019511e+02 2.385803e+03 1.930100e-02 3.572609e-18 4.826683e-16 1.752531e-04 5.960704e-34 1.832387e-02 2.274635e-02 6.812565e-19 3.939348e-02 1.391946e-03 8.986640e-01 4.041749e-15 1.427131e-22 2.747818e-20 3.563739e-13 4.687107e-11 7.769901e-16
6.149186e+02 3.075137e-03 6.428905e+02 3.900728e+02 2.387406e+03 1.930100e-02 3.575439e-18 4.823469e-16 1.752522e-04 5.875766e-34 1.832387e-02 2.274636e-02 6.792067e-19 3.939348e-02 1.391946e-03 8.986640e-01 4.025625e-15 1.420855e-22 2.745555e-20 3.563719e-13 4.687092e-11 7.769873e-16
6.296009e+02 3.001445e-03 6.394329e+02 3.786776e+02 2.388980e+03 1.930100e-02 3.578266e-18 4.820898e-16 1.752514e-04 5.794656e-34 1.832387e-02 2.274636e-02 6.771851e-19 3.939348e-02 1.391946e-03 8.986640e-01 4.010507e-15 1.414756e-22 2.743340e-20 3.563699e-13 4.687077e-11 7.769845e-16
6.444564e+02 2.930361e-03 6.360282e+02 3.677407e+02 2.390527e+03 1.930100e-02 3.581092e-18 4.818884e-16 1.752505e-04 5.717145e-34 1.832387e-02 2.274636e-02 6.751906e-19 3.939348e-02 1.391946e-03 8.986640e-01 3.996331e-15 1.408828e-22 2.741171e-20 3.563680e-13 4.687062e-11 7.769817e-16
6.594851e+02 2.861763e-03 6.326748e+02 3.572386e+02 2.392047e+03 1.930100e-02 3.583915e-18 4.817354e-16 1.752497e-04 5.643019e-34 1.832387e-02 2.274636e-02 6.732221e-19 3.939348e-02 1.391946e-03 8.986640e-01 3.983037e-15 1.403064e-22 2.739046e-20 3.563661e-13 4.687048e-11 7.769791e-16
6.746870e+02 2.795536e-03 6.293715e+02 3.471493e+02 2.393541e+03 1.930100e-02 3.586736e-18 4.816243e-16 1.752490e-04 5.572082e-34 1.832387e-02 2.274636e-02 6.712788e-19 3.939348e-02 1.391946e-03 8.986640e-01 3.970572e-15 1.397456e-22 2.736964e-20 3.563643e-13 4.687034e-11 7.769765e-16
6.900621e+02 2.731572e-03 6.261169e+02 3.374522e+02 2.395010e+03 1.930100e-02 3.589556e-18 4.815497e-16 1.752482e-04 5.504150e-34 1.832387e-02 2.274636e-02 6.693596e-19 3.939348e-02 1.391946e-03 8.986640e-01 3.958883e-15 1.391998e-22 2.734923e-20 3.563624e-13 4.687020e-11 7.769740e-16
7.056105e+02 2.669771e-03 6.229098e+02 3.281280e+02 2.396455e+03 1.930100e-02 3.592374e-18 4.815068e-16 1.752475e-04 5.439054e-34 1.832387e-02 2.274636e-02 6.674639e-19 3.939348e-02 1.391946e-03 8.986640e-01 3.947924e-15 1.386686e-22 2.732923e-20 3.563607e-13 4.687007e-11 7.769715e-16
7.213321e+02 2.610035e-03 6.197489e+02 3.191585e+02 2.397875e+03 1.930100e-02 3.595191e-18 4.814918e-16 1.752468e-04 5.376636e-34 1.832387e-02 2.274636e-02 6.655907e-19 3.939348e-02 1.391946e-03 8.986640e-01 3.937652e-15 1.381512e-22 2.730962e-20 3.563589e-13 4.686994e-11 7.769690e-16
7.372269e+02 2.552275e-03 6.166332e+02 3.105264e+02 2.399273e+03 1.930100e-02 3.598007e-18 4.815010e-16 1.752461e-04 5.316750e-34 1.832387e-02 2.274636e-02 6.637395e-19 3.939348e-02 1.391946e-03 8.986640e-01 3.928025e-15 1.376472e-22 2.729038e-20 3.563572e-13 4.686981e-11 7.769667e-16
7.532950e+02 2.496404e-03 6.135614e+02 3.022157e+02 2.400648e+03 1.930100e-02 3.600821e-18 4.815315e-16 1.752455e-04 5.259259e-34 1.832387e-02 2.274636e-02 6.619094e-19 3.939348e-02 1.391946e-03 8.986640e-01 3.919006e-15 1.371560e-22 2.727151e-20 3.563555e-13 4.686968e-11 7.769643e-16
7.695362e+02 2.442340e-03 6.105325e+02 2.942112e+02 2.402001e+03 1.930100e-02 3.603635e-18 4.815807e-16 1.752448e-04 5.204035e-34 1.832387e-02 2.274636e-02 6.601000e-19 3.939348e-02 1.391946e-03 8.986640e-01 3.910560e-15 1.366772e-22 2.725299e-20 3.563539e-13 4.686956e-11 7.769621e-16
7.859507e+02 2.390007e-03 6.075455e+02 2.864984e+02 2.403332e+03 1.930100e-02 3.606448e-18 4.816463e-16 1.752442e-04 5.150960e-34 1.832387e-02 2.274636e-02 6.583106e-19 3.939348e-02 1.391946e-03 8.986640e-01 3.902653e-15 1.362103e-22 2.723482e-20 3.563522e-13 4.686944e-11 7.769598e-16
8.025384e+02 2.339333e-03 6.045993e+02 2.790640e+02 2.404643e+03 1.930100e-02 3.609260e-18 4.817263e-16 1.752436e-04 5.099923e-34 1.832387e-02 2.274636e-02 6.565406e-19 3.939348e-02 1.391946e-03 8.986640e-01 3.895256e-15 1.357549e-22 2.721699e-20 3.563506e-13 4.686932e-11 7.769577e-16
8.192993e+02 2.290246e-03 6.016930e+02 2.718951e+02 2.405933e+03 1.930100e-02 3.612071e-18 4.818191e-16 1.752430e-04 5.050820e-34 1.832387e-02 2.274636e-02 6.547897e-19 3.939348e-02 1.391946e-03 8.986640e-01 3.888341e-15 1.353105e-22 2.719948e-20 3.563491e-13 4.686921e-11 7.769555e-16
8.362334e+02 2.242684e-03 5.988256e+02 2.649797e+02 2.407203e+03 1.930100e-02 3.614882e-18 4.819232e-16 1.752424e-04 5.003553e-34 1.832387e-02 2.274636e-02 6.530572e-19 3.939348e-02 1.391946e-03 8.986640e-01 3.881879e-15 1.348768e-22 2.718228e-20 3.563475e-13 4.686909e-11 7.769534e-16
8.533408e+02 2.196582e-03 5.959962e+02 2.583063e+02 2.408454e+03 1.930100e-02 3.617693e-18 4.820374e-16 1.752419e-04 4.958032e-34 1.832387e-02 2.274637e-02 6.513428e-19 3.939348e-02 1.391946e-03 8.986640e-01 3.875847e-15 1.344534e-22 2.716539e-20 3.563460e-13 4.686898e-11 7.769514e-16
8.706214e+02 2.151882e-03 5.932040e+02 2.518643e+02 2.409687e+03 1.930100e-02 3.620503e-18 4.821603e-16 1.752413e-04 4.914171e-34 1.832387e-02 2.274637e-02 6.496460e-19 3.939348e-02 1.391946e-03 8.986640e-01 3.870221e-15 1.340399e-22 2.714879e-20 3.563445e-13 4.686888e-11 7.769494e-16
8.880752e+02 2.108527e-03 5.904480e+02 2.456434e+02 2.410901e+03 1.930100e-02 3.623312e-18 4.822912e-16 1.752408e-04 4.871891e-34 1.832387e-02 2.274637e-02 6.479666e-19 3.939348e-02 1.391946e-03 8.986640e-01 3.864980e-15 1.336360e-22 2.713249e-20 3.563431e-13 4.686877e-11 7.769474e-16
9.057022e+02 2.066465e-03 5.877275e+02 2.396340e+02 2.412097e+03 1.930100e-02 3.626122e-18 4.824291e-16 1.752403e-04 4.831114e-34 1.832387e-02 2.274637e-02 6.463041e-19 3.939348e-02 1.391946e-03 8.986640e-01 3.860102e-15 1.332413e-22 2.711647e-20 3.563416e-13 4.686867e-11 7.769455e-16
9.235024e+02 2.025645e-03 5.850417e+02 2.338268e+02 2.413275e+03 1.930100e-02 3.628931e-18 4.825733e-16 1.752398e-04 4.791772e-34 1.832387e-02 2.274637e-02 6.446583e-19 3.939348e-02 1.391946e-03 8.986640e-01 3.855570e-15 1.328556e-22 2.710072e-20 3.563402e-13 4.686856e-11 7.769436e-16
9.414759e+02 1.986018e-03 5.823897e+02 2.282134e+02 2.414437e+03 1.930100e-02 3.631739e-18 4.827231e-16 1.752393e-04 4.753796e-34 1.832387e-02 2.274637e-02 6.430289e-19 3.939348e-02 1.391946e-03 8.986640e-01 3.851365e-15 1.324785e-22 2.708523e-20 3.563388e-13 4.686846e-11 7.769417e-16
9.596226e+02 1.947539e-03 5.797709e+02 2.227854e+02 2.415582e+03 1.930100e-02 3.634548e-18 4.828779e-16 1.752389e-04 4.717126e-34 1.832387e-02 2.274637e-02 6.414157e-19 3.939348e-02 1.391946e-03 8.986640e-01 3.847470e-15 1.321098e-22 2.707001e-20 3.563375e-13 4.686836e-11 7.769399e-16
9.779425e+02 1.910163e-03 5.771846e+02 2.175351e+02 2.416711e+03 1.930100e-02 3.637356e-18 4.830372e-16 1.752384e-04 4.681700e-34 1.832387e-02 2.274637e-02 6.398184e-19 3.939348e-02 1.391946e-03 8.986640e-01 3.843869e-15 1.317491e-22 2.705504e-20 3.563361e-13 4.686827e-11 7.769381e-16
9.964356e+02 1.873849e-03 5.746299e+02 2.124550e+02 2.417823e+03 1.930100e-02 3.640164e-18 4.832006e-16 1.752380e-04 4.647465e-34 1.832387e-02 2.274637e-02 6.382369e-19 3.939348e-02 1.391946e-03 8.986640e-01 3.840548e-15 1.313962e-22 2.704031e-20 3.563348e-13 4.686817e-11 7.769363e-16
1.015102e+03 1.838557e-03 5.721063e+02 2.075382e+02 2.418921e+03 1.930100e-02 3.642972e-18 4.833676e-16 1.752375e-04 4.614366e-34 1.832387e-02 2.274637e-02 6.366711e-19 3.939348e-02 1.391946e-03 8.986640e-01 3.837493e-15 1.310510e-22 2.702582e-20 3.563335e-13 4.686808e-11 7.769346e-16
1.033941e+03 1.804249e-03 5.696131e+02 2.027779e+02 2.420003e+03 1.930100e-02 3.645780e-18 4.835378e-16 1.752371e-04 4.582355e-34 1.832387e-02 2.274637e-02 6.351209e-19 3.939348e-02 1.391946e-03 8.986640e-01 3.834691e-15 1.307130e-22 2.701157e-20 3.563322e-13 4.686799e-11 7.769329e-16
1.052954e+03 1.770889e-03 5.671496e+02 1.981679e+02 2.421070e+03 1.930100e-02 3.648587e-18 4.837110e-16 1.752367e-04 4.551384e-34 1.832387e-02 2.274637e-02 6.335863e-19 3.939348e-02 1.391946e-03 8.986640e-01 3.832128e-15 1.303821e-22 2.699754e-20 3.563309e-13 4.686790e-11 7.769312e-16
1.072140e+03 1.738443e-03 5.647153e+02 1.937021e+02 2.422123e+03 1.930100e-02 3.651393e-18 4.838869e-16 1.752363e-04 4.521409e-34 1.832387e-02 2.274637e-02 6.320671e-19 3.939348e-02 1.391946e-03 8.986640e-01 3.829795e-15 1.300582e-22 2.698373e-20 3.563297e-13 4.686781e-11 7.769296e-16
1.091500e+03 1.706878e-03 5.623095e+02 1.893747e+02 2.423161e+03 1.930100e-02 3.654200e-18 4.840651e-16 1.752359e-04 4.492388e-34 1.832387e-02 2.274637e-02 6.305635e-19 3.939348e-02 1.391946e-03 8.986640e-01 3.827680e-15 1.297408e-22 2.697014e-20 3.563285e-13 4.686772e-11 7.769280e-16
1.111032e+03 1.676161e-03 5.599316e+02 1.851804e+02 2.424186e+03 1.930100e-02 3.657005e-18 4.842456e-16 1.752355e-04 4.464282e-34 1.832387e-02 2.274637e-02 6.290755e-19 3.939348e-02 1.391946e-03 8.986640e-01 3.825771e-15 1.294300e-22 2.695676e-20 3.563272e-13 4.686764e-11 7.769264e-16
1.130738e+03 1.646263e-03 5.575811e+02 1.811138e+02 2.425197e+03 1.930100e-02 3.659810e-18 4.844279e-16 1.752352e-04 4.437052e-34 1.832387e-02 2.274637e-02 6.276033e-19 3.939348e-02 1.391946e-03 8.986640e-01 3.824061e-15 1.291254e-22 2.694358e-20 3.563261e-13 4.686756e-11 7.769249e-16
1.150617e+03 1.617156e-03 5.552574e+02 1.771701e+02 2.426195e+03 1.930100e-02 3.662614e-18 4.846120e-16 1.752348e-04 4.410662e-34 1.832387e-02 2.274637e-02 6.261471e-19 3.939348e-02 1.391946e-03 8.986640e-01 3.822540e-15 1.288268e-22 2.693061e-20 3.563249e-13 4.686747e-11 7.769233e-16
1.170669e+03 1.588811e-03 5.529600e+02 1.733445e+02 2.427181e+03 1.930100e-02 3.665417e-18 4.847976e-16 1.752344e-04 4.385079e-34 1.832387e-02 2.274637e-02 6.247072e-19 3.939348e-02 1.391946e-03 8.986640e-01 3.821199e-15 1.285342e-22 2.691783e-20 3.563237e-13 4.686739e-11 7.769218e-16
1.190894e+03 1.561202e-03 5.506884e+02 1.696326e+02 2.428153e+03 1.930100e-02 3.668219e-18 4.849847e-16 1.752341e-04 4.360271e-34 1.832387e-02 2.274637e-02 6.232838e-19 3.939348e-02 1.391946e-03 8.986640e-01 3.820029e-15 1.282473e-22 2.690524e-20 3.563226e-13 4.686731e-11 7.769204e-16
1.211293e+03 1.534304e-03 5.484420e+02 1.660300e+02 2.429113e+03 1.930100e-02 3.671019e-18 4.851730e-16 1.752338e-04 4.336207e-34 1.832387e-02 2.274637e-02 6.218773e-19 3.939348e-02 1.391946e-03 8.986640e-01 3.819024e-15 1.279660e-22 2.689283e-20 3.563215e-13 4.686724e-11 7.769189e-16
1.231864e+03 1.508094e-03 5.462204e+02 1.625326e+02 2.430061e+03 1.930100e-02 3.673817e-18 4.853624e-16 1.752334e-04 4.312858e-34 1.832387e-02 2.274637e-02 6.204883e-19 3.939348e-02 1.391946e-03 8.986640e-01 3.818176e-15 1.276900e-22 2.688061e-20 3.563203e-13 4.686716e-11 7.769175e-16
1.252609e+03 1.482546e-03 5.440232e+02 1.591365e+02 2.430997e+03 1.930100e-02 3.676614e-18 4.855528e-16 1.752331e-04 4.290196e-34 1.832387e-02 2.274637e-02 6.191174e-19 3.939348e-02 1.391946e-03 8.986640e-01 3.817478e-15 1.274193e-22 2.686857e-20 3.563192e-13 4.686708e-11 7.769161e-16
1.273527e+03 1.457641e-03 5.418497e+02 1.558381e+02 2.431921e+03 1.930100e-02 3.679408e-18 4.857441e-16 1.752328e-04 4.268195e-34 1.832387e-02 2.274637e-02 6.177652e-19 3.939348e-02 1.391946e-03 8.986640e-01 3.816924e-15 1.271537e-22 2.685669e-20 3.563182e-13 4.686701e-11 7.769147e-16
1.294619e+03 1.433355e-03 5.396997e+02 1.526336e+02 2.432834e+03 1.930100e-02 3.682199e-18 4.859361e-16 1.752325e-04 4.246830e-34 1.832387e-02 2.274637e-02 6.164325e-19 3.939348e-02 1.391946e-03 8.986640e-01 3.816508e-15 1.268931e-22 2.684499e-20 3.563171e-13 4.686694e-11 7.769134e-16
1.315884e+03 1.409670e-03 5.375726e+02 1.495198e+02 2.433736e+03 1.930100e-02 3.684987e-18 4.861287e-16 1.752322e-04 4.226078e-34 1.832387e-02 2.274638e-02 6.151202e-19 3.939348e-02 1.391946e-03 8.986640e-01 3.816223e-15 1.266373e-22 2.683346e-20 3.563160e-13 4.686686e-11 7.769120e-16
1.337321e+03 1.386565e-03 5.354680e+02 1.464933e+02 2.434626e+03 1.930100e-02 3.687772e-18 4.863218e-16 1.752319e-04 4.205914e-34 1.832387e-02 2.274638e-02 6.138295e-19 3.939348e-02 1.391946e-03 8.986640e-01 3.816065e-15 1.263861e-22 2.682208e-20 3.563150e-13 4.686679e-11 7.769107e-16
1.358933e+03 1.364021e-03 5.333855e+02 1.435511e+02 2.435506e+03 1.930100e-02 3.690552e-18 4.865154e-16 1.752316e-04 4.186319e-34 1.832387e-02 2.274638e-02 6.125614e-19 3.939348e-02 1.391946e-03 8.986640e-01 3.816028e-15 1.261395e-22 2.681086e-20 3.563140e-13 4.686672e-11 7.769094e-16
1.380717e+03 1.342021e-03 5.313248e+02 1.406902e+02 2.436375e+03 1.930100e-02 3.693328e-18 4.867094e-16 1.752313e-04 4.167270e-34 1.832387e-02 2.274638e-02 6.113175e-19 3.939348e-02 1.391946e-03 8.986640e-01 3.816107e-15 1.258974e-22 2.679980e-20 3.563130e-13 4.686666e-11 7.769081e-16
1.402674e+03 1.320548e-03 5.292853e+02 1.379076e+02 2.437234e+03 1.930100e-02 3.696098e-18 4.869035e-16 1.752310e-04 4.148749e-34 1.832387e-02 2.274638e-02 6.100992e-19 3.939348e-02 1.391946e-03 8.986640e-01 3.816298e-15 1.256596e-22 2.678889e-20 3.563120e-13 4.686659e-11 7.769069e-16
1.424805e+03 1.299584e-03 5.272668e+02 1.352007e+02 2.438083e+03 1.930100e-02 3.698861e-18 4.870979e-16 1.752308e-04 4.130736e-34 1.832387e-02 2.274638e-02 6.089084e-19 3.939348e-02 1.391946e-03 8.986640e-01 3.816596e-15 1.254259e-22 2.677813e-20 3.563110e-13 4.686652e-11 7.769057e-16
1.447109e+03 1.279113e-03 5.252688e+02 1.325668e+02 2.438923e+03 1.930100e-02 3.701617e-18 4.872923e-16 1.752305e-04 4.113214e-34 1.832387e-02 2.274638e-02 6.077471e-19 3.939348e-02 1.391946e-03 8.986640e-01 3.816997e-15 1.251964e-22 2.676751e-20 3.563100e-13 4.686646e-11 7.769044e-16
1.469586e+03 1.259121e-03 5.232909e+02 1.300035e+02 2.439752e+03 1.930100e-02 3.704366e-18 4.874867e-16 1.752303e-04 4.096165e-34 1.832387e-02 2.274638e-02 6.066176e-19 3.939348e-02 1.391946e-03 8.986640e-01 3.817498e-15 1.249708e-22 2.675704e-20 3.563091e-13 4.686639e-11 7.769032e-16
1.492237e+03 1.239593e-03 5.213329e+02 1.275083e+02 2.440571e+03 1.930100e-02 3.707104e-18 4.876810e-16 1.752300e-04 4.079573e-34 1.832387e-02 2.274638e-02 6.055225e-19 3.939348e-02 1.391946e-03 8.986640e-01 3.818094e-15 1.247492e-22 2.674670e-20 3.563081e-13 4.686633e-11 7.769021e-16
1.515060e+03 1.220514e-03 5.193944e+02 1.250789e+02 2.441382e+03 1.930100e-02 3.709832e-18 4.878752e-16 1.752297e-04 4.063422e-34 1.832387e-02 2.274638e-02 6.044647e-19 3.939348e-02 1.391946e-03 8.986640e-01 3.818782e-15 1.245313e-22 2.673650e-20 3.563072e-13 4.686627e-11 7.769009e-16
1.538057e+03 1.201870e-03 5.174751e+02 1.227132e+02 2.442183e+03 1.930100e-02 3.712548e-18 4.880691e-16 1.752295e-04 4.047697e-34 1.832387e-02 2.274638e-02 6.034474e-19 3.939348e-02 1.391946e-03 8.986640e-01 3.819558e-15 1.243171e-22 2.672643e-20 3.563062e-13 4.686620e-11 7.768998e-16
1.561227e+03 1.183650e-03 5.155746e+02 1.204090e+02 2.442975e+03 1.930100e-02 3.715251e-18 4.882627e-16 1.752293e-04 4.032384e-34 1.832387e-02 2.274638e-02 6.024744e-19 3.939348e-02 1.391946e-03 8.986640e-01 3.820421e-15 1.241064e-22 2.671649e-20 3.563053e-13 4.686614e-11 7.768986e-16
1.584571e+03 1.165839e-03 5.136925e+02 1.181642e+02 2.443758e+03 1.930100e-02 3.717938e-18 4.884559e-16 1.752290e-04 4.017469e-34 1.832387e-02 2.274638e-02 6.015499e-19 3.939348e-02 1.391946e-03 8.986640e-01 3.821365e-15 1.238993e-22 2.670668e-20 3.563044e-13 4.686608e-11 7.768975e-16
1.600000e+03 1.154355e-03 5.124661e+02 1.167210e+02 2.444268e+03 1.930100e-02 3.719694e-18 4.885825e-16 1.752289e-04 4.007881e-34 1.832387e-02 2.274638e-02 6.009710e-19 3.939348e-02 1.391946e-03 8.986640e-01 3.822029e-15 1.237651e-22 2.670030e-20 3.563038e-13 4.686604e-11 7.768968e-16
